0 0
1 0
2 0
3 0
4 0
5 0
6 0
7 0
8 0
9 0
10 0
11 0
12 0
13 0
14 0
15 0
16 0
17 0
18 0
19 0
20 0
21 0
22 0
23 0
24 0
25 0
26 0
27 0
28 0
29 0
30 0
31 0
32 0
33 0
34 0
35 0
36 0
37 0
38 0
39 0
40 0
41 0
42 0
43 0
44 0
45 0
46 0
47 0
48 0
49 0
50 1
51 1
52 1
53 1
54 1
55 1
56 1
57 1
58 1
59 1
60 1
61 1
62 1
63 1
64 1
65 1
66 1
67 1
68 1
69 1
70 1
71 1
72 1
73 1
74 1
75 1
76 1
77 1
78 1
79 1
80 1
81 1
82 1
83 1
84 1
85 1
86 1
87 1
88 1
89 1
90 1
91 1
92 1
93 1
94 1
95 1
96 1
97 1
98 1
99 1
100 2
101 2
102 2
103 2
104 2
105 2
106 2
107 2
108 2
109 2
110 2
111 2
112 2
113 2
114 2
115 2
116 2
117 2
118 2
119 2
120 2
121 2
122 2
123 2
124 2
125 2
126 2
127 2
128 2
129 2
130 2
131 2
132 2
133 2
134 2
135 2
136 2
137 2
138 2
139 2
140 2
141 2
142 2
143 2
144 2
145 2
146 2
147 2
148 2
149 2
150 3
151 3
152 3
153 3
154 3
155 3
156 3
157 3
158 3
159 3
160 3
161 3
162 3
163 3
164 3
165 3
166 3
167 3
168 3
169 3
170 3
171 3
172 3
173 3
174 3
175 3
176 3
177 3
178 3
179 3
180 3
181 3
182 3
183 3
184 3
185 3
186 3
187 3
188 3
189 3
190 3
191 3
192 3
193 3
194 3
195 3
196 3
197 3
198 3
199 3
200 4
201 4
202 4
203 4
204 4
205 4
206 4
207 4
208 4
209 4
210 4
211 4
212 4
213 4
214 4
215 4
216 4
217 4
218 4
219 4
220 4
221 4
222 4
223 4
224 4
225 4
226 4
227 4
228 4
229 4
230 4
231 4
232 4
233 4
234 4
235 4
236 4
237 4
238 4
239 4
240 4
241 4
242 4
243 4
244 4
245 4
246 4
247 4
248 4
249 4
250 5
251 5
252 5
253 5
254 5
255 5
256 5
257 5
258 5
259 5
260 5
261 5
262 5
263 5
264 5
265 5
266 5
267 5
268 5
269 5
270 5
271 5
272 5
273 5
274 5
275 5
276 5
277 5
278 5
279 5
280 5
281 5
282 5
283 5
284 5
285 5
286 5
287 5
288 5
289 5
290 5
291 5
292 5
293 5
294 5
295 5
296 5
297 5
298 5
299 5
300 6
301 6
302 6
303 6
304 6
305 6
306 6
307 6
308 6
309 6
310 6
311 6
312 6
313 6
314 6
315 6
316 6
317 6
318 6
319 6
320 6
321 6
322 6
323 6
324 6
325 6
326 6
327 6
328 6
329 6
330 6
331 6
332 6
333 6
334 6
335 6
336 6
337 6
338 6
339 6
340 6
341 6
342 6
343 6
344 6
345 6
346 6
347 6
348 6
349 6
350 7
351 7
352 7
353 7
354 7
355 7
356 7
357 7
358 7
359 7
360 7
361 7
362 7
363 7
364 7
365 7
366 7
367 7
368 7
369 7
370 7
371 7
372 7
373 7
374 7
375 7
376 7
377 7
378 7
379 7
380 7
381 7
382 7
383 7
384 7
385 7
386 7
387 7
388 7
389 7
390 7
391 7
392 7
393 7
394 7
395 7
396 7
397 7
398 7
399 8
400 8
401 8
402 8
403 8
404 8
405 8
406 8
407 8
408 8
409 8
410 8
411 8
412 8
413 8
414 8
415 8
416 8
417 8
418 8
419 8
420 8
421 8
422 8
423 8
424 8
425 8
426 8
427 8
428 8
429 8
430 8
431 8
432 8
433 8
434 8
435 8
436 8
437 8
438 8
439 8
440 8
441 8
442 8
443 8
444 8
445 8
446 8
447 8
448 8
449 9
450 9
451 9
452 9
453 9
454 9
455 9
456 9
457 9
458 9
459 9
460 9
461 9
462 9
463 9
464 9
465 9
466 9
467 9
468 9
469 9
470 9
471 9
472 9
473 9
474 9
475 9
476 9
477 9
478 9
479 9
480 9
481 9
482 9
483 9
484 9
485 9
486 9
487 9
488 9
489 9
490 9
491 9
492 9
493 9
494 9
495 9
496 9
497 9
498 9
499 10
500 10
501 10
502 10
503 10
504 10
505 10
506 10
507 10
508 10
509 10
510 10
511 10
512 10
513 10
514 10
515 10
516 10
517 10
518 10
519 10
520 10
521 10
522 10
523 10
524 10
525 10
526 10
527 10
528 10
529 10
530 10
531 10
532 10
533 10
534 10
535 10
536 10
537 10
538 10
539 10
540 10
541 10
542 10
543 10
544 10
545 10
546 10
547 10
548 10
549 11
550 11
551 11
552 11
553 11
554 11
555 11
556 11
557 11
558 11
559 11
560 11
561 11
562 11
563 11
564 11
565 11
566 11
567 11
568 11
569 11
570 11
571 11
572 11
573 11
574 11
575 11
576 11
577 11
578 11
579 11
580 11
581 11
582 11
583 11
584 11
585 11
586 11
587 11
588 11
589 11
590 11
591 11
592 11
593 11
594 11
595 11
596 12
597 12
598 12
599 12
600 12
601 12
602 12
603 12
604 12
605 12
606 12
607 12
608 12
609 12
610 12
611 12
612 12
613 12
614 12
615 12
616 12
617 12
618 12
619 12
620 12
621 12
622 12
623 12
624 12
625 12
626 12
627 12
628 12
629 12
630 12
631 12
632 12
633 12
634 12
635 12
636 12
637 12
638 12
639 12
640 12
641 12
642 12
643 12
644 12
645 12
646 13
647 13
648 13
649 13
650 13
651 13
652 13
653 13
654 13
655 13
656 13
657 13
658 13
659 13
660 13
661 13
662 13
663 13
664 13
665 13
666 13
667 13
668 13
669 13
670 13
671 13
672 13
673 13
674 13
675 13
676 13
677 13
678 13
679 13
680 13
681 13
682 13
683 13
684 13
685 13
686 13
687 13
688 13
689 13
690 13
691 13
692 13
693 13
694 13
695 13
696 14
697 14
698 14
699 14
700 14
701 14
702 14
703 14
704 14
705 14
706 14
707 14
708 14
709 14
710 14
711 14
712 14
713 14
714 14
715 14
716 14
717 14
718 14
719 14
720 14
721 14
722 14
723 14
724 14
725 14
726 14
727 14
728 14
729 14
730 14
731 14
732 14
733 14
734 14
735 14
736 14
737 14
738 14
739 14
740 14
741 14
742 14
743 14
744 14
745 14
746 15
747 15
748 15
749 15
750 15
751 15
752 15
753 15
754 15
755 15
756 15
757 15
758 15
759 15
760 15
761 15
762 15
763 15
764 15
765 15
766 15
767 15
768 15
769 15
770 15
771 15
772 15
773 15
774 15
775 15
776 15
777 15
778 15
779 15
780 15
781 15
782 15
783 15
784 15
785 15
786 15
787 15
788 15
789 15
790 15
791 15
792 15
793 15
794 15
795 15
796 16
797 16
798 16
799 16
800 16
801 16
802 16
803 16
804 16
805 16
806 16
807 16
808 16
809 16
810 16
811 16
812 16
813 16
814 16
815 16
816 16
817 16
818 16
819 16
820 16
821 16
822 16
823 16
824 16
825 16
826 16
827 16
828 16
829 16
830 16
831 16
832 16
833 16
834 16
835 16
836 16
837 16
838 16
839 16
840 16
841 16
842 16
843 16
844 16
845 16
846 17
847 17
848 17
849 17
850 17
851 17
852 17
853 17
854 17
855 17
856 17
857 17
858 17
859 17
860 17
861 17
862 17
863 17
864 17
865 17
866 17
867 17
868 17
869 17
870 17
871 17
872 17
873 17
874 17
875 17
876 17
877 17
878 17
879 17
880 17
881 17
882 17
883 17
884 17
885 17
886 17
887 17
888 17
889 17
890 17
891 17
892 17
893 17
894 17
895 17
896 18
897 18
898 18
899 18
900 18
901 18
902 18
903 18
904 18
905 18
906 18
907 18
908 18
909 18
910 18
911 18
912 18
913 18
914 18
915 18
916 18
917 18
918 18
919 18
920 18
921 18
922 18
923 18
924 18
925 18
926 18
927 18
928 18
929 18
930 18
931 18
932 18
933 18
934 18
935 18
936 18
937 18
938 18
939 18
940 18
941 18
942 18
943 18
944 18
945 18
946 19
947 19
948 19
949 19
950 19
951 19
952 19
953 19
954 19
955 19
956 19
957 19
958 19
959 19
960 19
961 19
962 19
963 19
964 19
965 19
966 19
967 19
968 19
969 19
970 19
971 19
972 19
973 19
974 19
975 19
976 19
977 19
978 19
979 19
980 19
981 19
982 19
983 19
984 19
985 19
986 19
987 19
988 19
989 19
990 19
991 19
992 19
993 19
994 19
995 19
996 20
997 20
998 20
999 20
1000 20
1001 20
1002 20
1003 20
1004 20
1005 20
1006 20
1007 20
1008 20
1009 20
1010 20
1011 20
1012 20
1013 20
1014 20
1015 20
1016 20
1017 20
1018 20
1019 20
1020 20
1021 20
1022 20
1023 20
1024 20
1025 20
1026 20
1027 20
1028 20
1029 20
1030 20
1031 20
1032 20
1033 20
1034 20
1035 20
1036 20
1037 20
1038 20
1039 20
1040 20
1041 20
1042 20
1043 20
1044 20
1045 20
1046 21
1047 21
1048 21
1049 21
1050 21
1051 21
1052 21
1053 21
1054 21
1055 21
1056 21
1057 21
1058 21
1059 21
1060 21
1061 21
1062 21
1063 21
1064 21
1065 21
1066 21
1067 21
1068 21
1069 21
1070 21
1071 21
1072 21
1073 21
1074 21
1075 21
1076 21
1077 21
1078 21
1079 21
1080 21
1081 21
1082 21
1083 21
1084 21
1085 21
1086 21
1087 21
1088 21
1089 21
1090 21
1091 21
1092 21
1093 21
1094 21
1095 21
1096 22
1097 22
1098 22
1099 22
1100 22
1101 22
1102 22
1103 22
1104 22
1105 22
1106 22
1107 22
1108 22
1109 22
1110 22
1111 22
1112 22
1113 22
1114 22
1115 22
1116 22
1117 22
1118 22
1119 22
1120 22
1121 22
1122 22
1123 22
1124 22
1125 22
1126 22
1127 22
1128 22
1129 22
1130 22
1131 22
1132 22
1133 22
1134 22
1135 22
1136 22
1137 22
1138 22
1139 22
1140 22
1141 22
1142 22
1143 22
1144 22
1145 22
1146 23
1147 23
1148 23
1149 23
1150 23
1151 23
1152 23
1153 23
1154 23
1155 23
1156 23
1157 23
1158 23
1159 23
1160 23
1161 23
1162 23
1163 23
1164 23
1165 23
1166 23
1167 23
1168 23
1169 23
1170 23
1171 23
1172 23
1173 23
1174 23
1175 23
1176 23
1177 23
1178 23
1179 23
1180 23
1181 23
1182 23
1183 23
1184 23
1185 23
1186 23
1187 23
1188 23
1189 23
1190 23
1191 23
1192 23
1193 23
1194 23
1195 23
1196 24
1197 24
1198 24
1199 24
1200 24
1201 24
1202 24
1203 24
1204 24
1205 24
1206 24
1207 24
1208 24
1209 24
1210 24
1211 24
1212 24
1213 24
1214 24
1215 24
1216 24
1217 24
1218 24
1219 24
1220 24
1221 24
1222 24
1223 24
1224 24
1225 24
1226 24
1227 24
1228 24
1229 24
1230 24
1231 24
1232 24
1233 24
1234 24
1235 24
1236 24
1237 24
1238 24
1239 24
1240 24
1241 24
1242 24
1243 24
1244 24
1245 24
1246 25
1247 25
1248 25
1249 25
1250 25
1251 25
1252 25
1253 25
1254 25
1255 25
1256 25
1257 25
1258 25
1259 25
1260 25
1261 25
1262 25
1263 25
1264 25
1265 25
1266 25
1267 25
1268 25
1269 25
1270 25
1271 25
1272 25
1273 25
1274 25
1275 25
1276 25
1277 25
1278 25
1279 25
1280 25
1281 25
1282 25
1283 25
1284 25
1285 25
1286 25
1287 25
1288 25
1289 25
1290 25
1291 25
1292 25
1293 25
1294 25
1295 25
1296 26
1297 26
1298 26
1299 26
1300 26
1301 26
1302 26
1303 26
1304 26
1305 26
1306 26
1307 26
1308 26
1309 26
1310 26
1311 26
1312 26
1313 26
1314 26
1315 26
1316 26
1317 26
1318 26
1319 26
1320 26
1321 26
1322 26
1323 26
1324 26
1325 26
1326 26
1327 26
1328 26
1329 26
1330 26
1331 26
1332 26
1333 26
1334 26
1335 26
1336 26
1337 26
1338 26
1339 26
1340 26
1341 26
1342 26
1343 26
1344 26
1345 26
1346 27
1347 27
1348 27
1349 27
1350 27
1351 27
1352 27
1353 27
1354 27
1355 27
1356 27
1357 27
1358 27
1359 27
1360 27
1361 27
1362 27
1363 27
1364 27
1365 27
1366 27
1367 27
1368 27
1369 27
1370 27
1371 27
1372 27
1373 27
1374 27
1375 27
1376 27
1377 27
1378 27
1379 27
1380 27
1381 27
1382 27
1383 27
1384 27
1385 27
1386 27
1387 27
1388 27
1389 27
1390 27
1391 27
1392 27
1393 27
1394 27
1395 27
1396 28
1397 28
1398 28
1399 28
1400 28
1401 28
1402 28
1403 28
1404 28
1405 28
1406 28
1407 28
1408 28
1409 28
1410 28
1411 28
1412 28
1413 28
1414 28
1415 28
1416 28
1417 28
1418 28
1419 28
1420 28
1421 28
1422 28
1423 28
1424 28
1425 28
1426 28
1427 28
1428 28
1429 28
1430 28
1431 28
1432 28
1433 28
1434 28
1435 28
1436 28
1437 28
1438 28
1439 28
1440 28
1441 28
1442 28
1443 28
1444 28
1445 28
1446 29
1447 29
1448 29
1449 29
1450 29
1451 29
1452 29
1453 29
1454 29
1455 29
1456 29
1457 29
1458 29
1459 29
1460 29
1461 29
1462 29
1463 29
1464 29
1465 29
1466 29
1467 29
1468 29
1469 29
1470 29
1471 29
1472 29
1473 29
1474 29
1475 29
1476 29
1477 29
1478 29
1479 29
1480 29
1481 29
1482 29
1483 29
1484 29
1485 29
1486 29
1487 29
1488 29
1489 29
1490 29
1491 29
1492 29
1493 29
1494 29
1495 29
1496 30
1497 30
1498 30
1499 30
1500 30
1501 30
1502 30
1503 30
1504 30
1505 30
1506 30
1507 30
1508 30
1509 30
1510 30
1511 30
1512 30
1513 30
1514 30
1515 30
1516 30
1517 30
1518 30
1519 30
1520 30
1521 30
1522 30
1523 30
1524 30
1525 30
1526 30
1527 30
1528 30
1529 30
1530 30
1531 30
1532 30
1533 30
1534 30
1535 30
1536 30
1537 30
1538 30
1539 30
1540 30
1541 30
1542 30
1543 30
1544 30
1545 30
1546 31
1547 31
1548 31
1549 31
1550 31
1551 31
1552 31
1553 31
1554 31
1555 31
1556 31
1557 31
1558 31
1559 31
1560 31
1561 31
1562 31
1563 31
1564 31
1565 31
1566 31
1567 31
1568 31
1569 31
1570 31
1571 31
1572 31
1573 31
1574 31
1575 31
1576 31
1577 31
1578 31
1579 31
1580 31
1581 31
1582 31
1583 31
1584 31
1585 31
1586 31
1587 31
1588 31
1589 31
1590 31
1591 31
1592 31
1593 31
1594 31
1595 31
1596 32
1597 32
1598 32
1599 32
1600 32
1601 32
1602 32
1603 32
1604 32
1605 32
1606 32
1607 32
1608 32
1609 32
1610 32
1611 32
1612 32
1613 32
1614 32
1615 32
1616 32
1617 32
1618 32
1619 32
1620 32
1621 32
1622 32
1623 32
1624 32
1625 32
1626 32
1627 32
1628 32
1629 32
1630 32
1631 32
1632 32
1633 32
1634 32
1635 32
1636 32
1637 32
1638 32
1639 32
1640 32
1641 32
1642 32
1643 32
1644 32
1645 32
1646 33
1647 33
1648 33
1649 33
1650 33
1651 33
1652 33
1653 33
1654 33
1655 33
1656 33
1657 33
1658 33
1659 33
1660 33
1661 33
1662 33
1663 33
1664 33
1665 33
1666 33
1667 33
1668 33
1669 33
1670 33
1671 33
1672 33
1673 33
1674 33
1675 33
1676 33
1677 33
1678 33
1679 33
1680 33
1681 33
1682 33
1683 33
1684 33
1685 33
1686 33
1687 33
1688 33
1689 33
1690 33
1691 33
1692 33
1693 33
1694 33
1695 33
1696 34
1697 34
1698 34
1699 34
1700 34
1701 34
1702 34
1703 34
1704 34
1705 34
1706 34
1707 34
1708 34
1709 34
1710 34
1711 34
1712 34
1713 34
1714 34
1715 34
1716 34
1717 34
1718 34
1719 34
1720 34
1721 34
1722 34
1723 34
1724 34
1725 34
1726 34
1727 34
1728 34
1729 34
1730 34
1731 34
1732 34
1733 34
1734 34
1735 34
1736 34
1737 34
1738 34
1739 34
1740 34
1741 34
1742 34
1743 34
1744 34
1745 34
1746 35
1747 35
1748 35
1749 35
1750 35
1751 35
1752 35
1753 35
1754 35
1755 35
1756 35
1757 35
1758 35
1759 35
1760 35
1761 35
1762 35
1763 35
1764 35
1765 35
1766 35
1767 35
1768 35
1769 35
1770 35
1771 35
1772 35
1773 35
1774 35
1775 35
1776 35
1777 35
1778 35
1779 35
1780 35
1781 35
1782 35
1783 35
1784 35
1785 35
1786 35
1787 35
1788 35
1789 35
1790 35
1791 35
1792 35
1793 35
1794 35
1795 35
1796 36
1797 36
1798 36
1799 36
1800 36
1801 36
1802 36
1803 36
1804 36
1805 36
1806 36
1807 36
1808 36
1809 36
1810 36
1811 36
1812 36
1813 36
1814 36
1815 36
1816 36
1817 36
1818 36
1819 36
1820 36
1821 36
1822 36
1823 36
1824 36
1825 36
1826 36
1827 36
1828 36
1829 36
1830 36
1831 36
1832 36
1833 36
1834 36
1835 36
1836 36
1837 36
1838 36
1839 36
1840 36
1841 36
1842 36
1843 36
1844 36
1845 36
1846 0
1847 0
1848 0
1849 0
1850 0
1851 0
1852 0
1853 0
1854 0
1855 0
1856 0
1857 0
1858 0
1859 0
1860 0
1861 0
1862 0
1863 0
1864 0
1865 0
1866 0
1867 0
1868 0
1869 0
1870 0
1871 0
1872 0
1873 0
1874 0
1875 0
1876 0
1877 0
1878 0
1879 0
1880 0
1881 0
1882 0
1883 0
1884 0
1885 0
1886 0
1887 0
1888 0
1889 0
1890 0
1891 0
1892 0
1893 0
1894 0
1895 0
1896 1
1897 1
1898 1
1899 1
1900 1
1901 1
1902 1
1903 1
1904 1
1905 1
1906 1
1907 1
1908 1
1909 1
1910 1
1911 1
1912 1
1913 1
1914 1
1915 1
1916 1
1917 1
1918 1
1919 1
1920 1
1921 1
1922 1
1923 1
1924 1
1925 1
1926 1
1927 1
1928 1
1929 1
1930 1
1931 1
1932 1
1933 1
1934 1
1935 1
1936 1
1937 1
1938 1
1939 1
1940 1
1941 1
1942 1
1943 1
1944 1
1945 1
1946 2
1947 2
1948 2
1949 2
1950 2
1951 2
1952 2
1953 2
1954 2
1955 2
1956 2
1957 2
1958 2
1959 2
1960 2
1961 2
1962 2
1963 2
1964 2
1965 2
1966 2
1967 2
1968 2
1969 2
1970 2
1971 2
1972 2
1973 2
1974 2
1975 2
1976 2
1977 2
1978 2
1979 2
1980 2
1981 2
1982 2
1983 2
1984 2
1985 2
1986 2
1987 2
1988 2
1989 2
1990 2
1991 2
1992 2
1993 2
1994 2
1995 2
1996 3
1997 3
1998 3
1999 3
2000 3
2001 3
2002 3
2003 3
2004 3
2005 3
2006 3
2007 3
2008 3
2009 3
2010 3
2011 3
2012 3
2013 3
2014 3
2015 3
2016 3
2017 3
2018 3
2019 3
2020 3
2021 3
2022 3
2023 3
2024 3
2025 3
2026 3
2027 3
2028 3
2029 3
2030 3
2031 3
2032 3
2033 3
2034 3
2035 3
2036 3
2037 3
2038 3
2039 3
2040 3
2041 3
2042 3
2043 3
2044 3
2045 3
2046 4
2047 4
2048 4
2049 4
2050 4
2051 4
2052 4
2053 4
2054 4
2055 4
2056 4
2057 4
2058 4
2059 4
2060 4
2061 4
2062 4
2063 4
2064 4
2065 4
2066 4
2067 4
2068 4
2069 4
2070 4
2071 4
2072 4
2073 4
2074 4
2075 4
2076 4
2077 4
2078 4
2079 4
2080 4
2081 4
2082 4
2083 4
2084 4
2085 4
2086 4
2087 4
2088 4
2089 4
2090 4
2091 4
2092 4
2093 4
2094 4
2095 4
2096 5
2097 5
2098 5
2099 5
2100 5
2101 5
2102 5
2103 5
2104 5
2105 5
2106 5
2107 5
2108 5
2109 5
2110 5
2111 5
2112 5
2113 5
2114 5
2115 5
2116 5
2117 5
2118 5
2119 5
2120 5
2121 5
2122 5
2123 5
2124 5
2125 5
2126 5
2127 5
2128 5
2129 5
2130 5
2131 5
2132 5
2133 5
2134 5
2135 5
2136 5
2137 5
2138 5
2139 5
2140 5
2141 5
2142 5
2143 5
2144 5
2145 5
2146 6
2147 6
2148 6
2149 6
2150 6
2151 6
2152 6
2153 6
2154 6
2155 6
2156 6
2157 6
2158 6
2159 6
2160 6
2161 6
2162 6
2163 6
2164 6
2165 6
2166 6
2167 6
2168 6
2169 6
2170 6
2171 6
2172 6
2173 6
2174 6
2175 6
2176 6
2177 6
2178 6
2179 6
2180 6
2181 6
2182 6
2183 6
2184 6
2185 6
2186 6
2187 6
2188 6
2189 6
2190 6
2191 6
2192 6
2193 6
2194 6
2195 6
2196 7
2197 7
2198 7
2199 7
2200 7
2201 7
2202 7
2203 7
2204 7
2205 7
2206 7
2207 7
2208 7
2209 7
2210 7
2211 7
2212 7
2213 7
2214 7
2215 7
2216 7
2217 7
2218 7
2219 7
2220 7
2221 7
2222 7
2223 7
2224 7
2225 7
2226 7
2227 7
2228 7
2229 7
2230 7
2231 7
2232 7
2233 7
2234 7
2235 7
2236 7
2237 7
2238 7
2239 7
2240 7
2241 7
2242 7
2243 8
2244 8
2245 8
2246 8
2247 8
2248 8
2249 8
2250 8
2251 8
2252 8
2253 8
2254 8
2255 8
2256 8
2257 8
2258 8
2259 8
2260 8
2261 8
2262 8
2263 8
2264 8
2265 8
2266 8
2267 8
2268 8
2269 8
2270 8
2271 8
2272 8
2273 8
2274 8
2275 8
2276 8
2277 8
2278 8
2279 8
2280 8
2281 8
2282 8
2283 8
2284 8
2285 8
2286 8
2287 8
2288 8
2289 8
2290 8
2291 8
2292 8
2293 9
2294 9
2295 9
2296 9
2297 9
2298 9
2299 9
2300 9
2301 9
2302 9
2303 9
2304 9
2305 9
2306 9
2307 9
2308 9
2309 9
2310 9
2311 9
2312 9
2313 9
2314 9
2315 9
2316 9
2317 9
2318 9
2319 9
2320 9
2321 9
2322 9
2323 9
2324 9
2325 9
2326 9
2327 9
2328 9
2329 9
2330 9
2331 9
2332 9
2333 9
2334 9
2335 9
2336 9
2337 9
2338 9
2339 9
2340 9
2341 9
2342 9
2343 10
2344 10
2345 10
2346 10
2347 10
2348 10
2349 10
2350 10
2351 10
2352 10
2353 10
2354 10
2355 10
2356 10
2357 10
2358 10
2359 10
2360 10
2361 10
2362 10
2363 10
2364 10
2365 10
2366 10
2367 10
2368 10
2369 10
2370 10
2371 10
2372 10
2373 10
2374 10
2375 10
2376 10
2377 10
2378 10
2379 10
2380 10
2381 10
2382 10
2383 10
2384 10
2385 10
2386 10
2387 10
2388 10
2389 10
2390 10
2391 10
2392 10
2393 11
2394 11
2395 11
2396 11
2397 11
2398 11
2399 11
2400 11
2401 11
2402 11
2403 11
2404 11
2405 11
2406 11
2407 11
2408 11
2409 11
2410 11
2411 11
2412 11
2413 11
2414 11
2415 11
2416 11
2417 11
2418 11
2419 11
2420 11
2421 11
2422 11
2423 11
2424 11
2425 11
2426 11
2427 11
2428 11
2429 11
2430 11
2431 11
2432 11
2433 11
2434 11
2435 11
2436 11
2437 11
2438 11
2439 12
2440 12
2441 12
2442 12
2443 12
2444 12
2445 12
2446 12
2447 12
2448 12
2449 12
2450 12
2451 12
2452 12
2453 12
2454 12
2455 12
2456 12
2457 12
2458 12
2459 12
2460 12
2461 12
2462 12
2463 12
2464 12
2465 12
2466 12
2467 12
2468 12
2469 12
2470 12
2471 12
2472 12
2473 12
2474 12
2475 12
2476 12
2477 12
2478 12
2479 12
2480 12
2481 12
2482 12
2483 12
2484 12
2485 13
2486 13
2487 13
2488 13
2489 13
2490 13
2491 13
2492 13
2493 13
2494 13
2495 13
2496 13
2497 13
2498 13
2499 13
2500 13
2501 13
2502 13
2503 13
2504 13
2505 13
2506 13
2507 13
2508 13
2509 13
2510 13
2511 13
2512 13
2513 13
2514 13
2515 13
2516 13
2517 13
2518 13
2519 13
2520 13
2521 13
2522 13
2523 13
2524 13
2525 13
2526 13
2527 13
2528 13
2529 13
2530 13
2531 13
2532 13
2533 13
2534 13
2535 14
2536 14
2537 14
2538 14
2539 14
2540 14
2541 14
2542 14
2543 14
2544 14
2545 14
2546 14
2547 14
2548 14
2549 14
2550 14
2551 14
2552 14
2553 14
2554 14
2555 14
2556 14
2557 14
2558 14
2559 14
2560 14
2561 14
2562 14
2563 14
2564 14
2565 14
2566 14
2567 14
2568 14
2569 14
2570 14
2571 14
2572 14
2573 14
2574 14
2575 14
2576 14
2577 14
2578 14
2579 14
2580 14
2581 14
2582 14
2583 14
2584 14
2585 15
2586 15
2587 15
2588 15
2589 15
2590 15
2591 15
2592 15
2593 15
2594 15
2595 15
2596 15
2597 15
2598 15
2599 15
2600 15
2601 15
2602 15
2603 15
2604 15
2605 15
2606 15
2607 15
2608 15
2609 15
2610 15
2611 15
2612 15
2613 15
2614 15
2615 15
2616 15
2617 15
2618 15
2619 15
2620 15
2621 15
2622 15
2623 15
2624 15
2625 15
2626 15
2627 15
2628 15
2629 15
2630 15
2631 15
2632 15
2633 15
2634 15
2635 16
2636 16
2637 16
2638 16
2639 16
2640 16
2641 16
2642 16
2643 16
2644 16
2645 16
2646 16
2647 16
2648 16
2649 16
2650 16
2651 16
2652 16
2653 16
2654 16
2655 16
2656 16
2657 16
2658 16
2659 16
2660 16
2661 16
2662 16
2663 16
2664 16
2665 16
2666 16
2667 16
2668 16
2669 16
2670 16
2671 16
2672 16
2673 16
2674 16
2675 16
2676 16
2677 16
2678 16
2679 16
2680 16
2681 16
2682 16
2683 16
2684 16
2685 17
2686 17
2687 17
2688 17
2689 17
2690 17
2691 17
2692 17
2693 17
2694 17
2695 17
2696 17
2697 17
2698 17
2699 17
2700 17
2701 17
2702 17
2703 17
2704 17
2705 17
2706 17
2707 17
2708 17
2709 17
2710 17
2711 17
2712 17
2713 17
2714 17
2715 17
2716 17
2717 17
2718 17
2719 17
2720 17
2721 17
2722 17
2723 17
2724 17
2725 17
2726 17
2727 17
2728 17
2729 17
2730 17
2731 17
2732 17
2733 17
2734 17
2735 18
2736 18
2737 18
2738 18
2739 18
2740 18
2741 18
2742 18
2743 18
2744 18
2745 18
2746 18
2747 18
2748 18
2749 18
2750 18
2751 18
2752 18
2753 18
2754 18
2755 18
2756 18
2757 18
2758 18
2759 18
2760 18
2761 18
2762 18
2763 18
2764 18
2765 18
2766 18
2767 18
2768 18
2769 18
2770 18
2771 18
2772 18
2773 18
2774 18
2775 18
2776 18
2777 18
2778 18
2779 18
2780 18
2781 18
2782 18
2783 18
2784 18
2785 19
2786 19
2787 19
2788 19
2789 19
2790 19
2791 19
2792 19
2793 19
2794 19
2795 19
2796 19
2797 19
2798 19
2799 19
2800 19
2801 19
2802 19
2803 19
2804 19
2805 19
2806 19
2807 19
2808 19
2809 19
2810 19
2811 19
2812 19
2813 19
2814 19
2815 19
2816 19
2817 19
2818 19
2819 19
2820 19
2821 19
2822 19
2823 19
2824 19
2825 19
2826 19
2827 19
2828 19
2829 19
2830 19
2831 19
2832 19
2833 19
2834 19
2835 20
2836 20
2837 20
2838 20
2839 20
2840 20
2841 20
2842 20
2843 20
2844 20
2845 20
2846 20
2847 20
2848 20
2849 20
2850 20
2851 20
2852 20
2853 20
2854 20
2855 20
2856 20
2857 20
2858 20
2859 20
2860 20
2861 20
2862 20
2863 20
2864 20
2865 20
2866 20
2867 20
2868 20
2869 20
2870 20
2871 20
2872 20
2873 20
2874 20
2875 20
2876 20
2877 20
2878 20
2879 20
2880 20
2881 20
2882 20
2883 20
2884 20
2885 21
2886 21
2887 21
2888 21
2889 21
2890 21
2891 21
2892 21
2893 21
2894 21
2895 21
2896 21
2897 21
2898 21
2899 21
2900 21
2901 21
2902 21
2903 21
2904 21
2905 21
2906 21
2907 21
2908 21
2909 21
2910 21
2911 21
2912 21
2913 21
2914 21
2915 21
2916 21
2917 21
2918 21
2919 21
2920 21
2921 21
2922 21
2923 21
2924 21
2925 21
2926 21
2927 21
2928 21
2929 21
2930 21
2931 21
2932 21
2933 21
2934 21
2935 22
2936 22
2937 22
2938 22
2939 22
2940 22
2941 22
2942 22
2943 22
2944 22
2945 22
2946 22
2947 22
2948 22
2949 22
2950 22
2951 22
2952 22
2953 22
2954 22
2955 22
2956 22
2957 22
2958 22
2959 22
2960 22
2961 22
2962 22
2963 22
2964 22
2965 22
2966 22
2967 22
2968 22
2969 22
2970 22
2971 22
2972 22
2973 22
2974 22
2975 22
2976 22
2977 22
2978 22
2979 22
2980 22
2981 23
2982 23
2983 23
2984 23
2985 23
2986 23
2987 23
2988 23
2989 23
2990 23
2991 23
2992 23
2993 23
2994 23
2995 23
2996 23
2997 23
2998 23
2999 23
3000 23
3001 23
3002 23
3003 23
3004 23
3005 23
3006 23
3007 23
3008 23
3009 23
3010 23
3011 23
3012 23
3013 23
3014 23
3015 23
3016 23
3017 23
3018 23
3019 23
3020 23
3021 23
3022 23
3023 23
3024 23
3025 23
3026 23
3027 23
3028 23
3029 23
3030 23
3031 24
3032 24
3033 24
3034 24
3035 24
3036 24
3037 24
3038 24
3039 24
3040 24
3041 24
3042 24
3043 24
3044 24
3045 24
3046 24
3047 24
3048 24
3049 24
3050 24
3051 24
3052 24
3053 24
3054 24
3055 24
3056 24
3057 24
3058 24
3059 24
3060 24
3061 24
3062 24
3063 24
3064 24
3065 24
3066 24
3067 24
3068 24
3069 24
3070 24
3071 24
3072 24
3073 24
3074 24
3075 24
3076 24
3077 24
3078 24
3079 24
3080 24
3081 25
3082 25
3083 25
3084 25
3085 25
3086 25
3087 25
3088 25
3089 25
3090 25
3091 25
3092 25
3093 25
3094 25
3095 25
3096 25
3097 25
3098 25
3099 25
3100 25
3101 25
3102 25
3103 25
3104 25
3105 25
3106 25
3107 25
3108 25
3109 25
3110 25
3111 25
3112 25
3113 25
3114 25
3115 25
3116 25
3117 25
3118 25
3119 25
3120 25
3121 25
3122 25
3123 25
3124 25
3125 25
3126 25
3127 25
3128 25
3129 25
3130 25
3131 26
3132 26
3133 26
3134 26
3135 26
3136 26
3137 26
3138 26
3139 26
3140 26
3141 26
3142 26
3143 26
3144 26
3145 26
3146 26
3147 26
3148 26
3149 26
3150 26
3151 26
3152 26
3153 26
3154 26
3155 26
3156 26
3157 26
3158 26
3159 26
3160 26
3161 26
3162 26
3163 26
3164 26
3165 26
3166 26
3167 26
3168 26
3169 26
3170 26
3171 26
3172 26
3173 26
3174 26
3175 26
3176 26
3177 26
3178 26
3179 26
3180 26
3181 27
3182 27
3183 27
3184 27
3185 27
3186 27
3187 27
3188 27
3189 27
3190 27
3191 27
3192 27
3193 27
3194 27
3195 27
3196 27
3197 27
3198 27
3199 27
3200 27
3201 27
3202 27
3203 27
3204 27
3205 27
3206 27
3207 27
3208 27
3209 27
3210 27
3211 27
3212 27
3213 27
3214 27
3215 27
3216 27
3217 27
3218 27
3219 27
3220 27
3221 27
3222 27
3223 27
3224 27
3225 27
3226 27
3227 27
3228 27
3229 27
3230 27
3231 28
3232 28
3233 28
3234 28
3235 28
3236 28
3237 28
3238 28
3239 28
3240 28
3241 28
3242 28
3243 28
3244 28
3245 28
3246 28
3247 28
3248 28
3249 28
3250 28
3251 28
3252 28
3253 28
3254 28
3255 28
3256 28
3257 28
3258 28
3259 28
3260 28
3261 28
3262 28
3263 28
3264 28
3265 28
3266 28
3267 28
3268 28
3269 28
3270 28
3271 28
3272 28
3273 28
3274 28
3275 28
3276 28
3277 28
3278 28
3279 28
3280 28
3281 29
3282 29
3283 29
3284 29
3285 29
3286 29
3287 29
3288 29
3289 29
3290 29
3291 29
3292 29
3293 29
3294 29
3295 29
3296 29
3297 29
3298 29
3299 29
3300 29
3301 29
3302 29
3303 29
3304 29
3305 29
3306 29
3307 29
3308 29
3309 29
3310 29
3311 29
3312 29
3313 29
3314 29
3315 29
3316 29
3317 29
3318 29
3319 29
3320 29
3321 29
3322 29
3323 29
3324 29
3325 29
3326 29
3327 29
3328 29
3329 29
3330 29
3331 30
3332 30
3333 30
3334 30
3335 30
3336 30
3337 30
3338 30
3339 30
3340 30
3341 30
3342 30
3343 30
3344 30
3345 30
3346 30
3347 30
3348 30
3349 30
3350 30
3351 30
3352 30
3353 30
3354 30
3355 30
3356 30
3357 30
3358 30
3359 30
3360 30
3361 30
3362 30
3363 30
3364 30
3365 30
3366 30
3367 30
3368 30
3369 30
3370 30
3371 30
3372 30
3373 30
3374 30
3375 30
3376 30
3377 30
3378 30
3379 30
3380 30
3381 31
3382 31
3383 31
3384 31
3385 31
3386 31
3387 31
3388 31
3389 31
3390 31
3391 31
3392 31
3393 31
3394 31
3395 31
3396 31
3397 31
3398 31
3399 31
3400 31
3401 31
3402 31
3403 31
3404 31
3405 31
3406 31
3407 31
3408 31
3409 31
3410 31
3411 31
3412 31
3413 31
3414 31
3415 31
3416 31
3417 31
3418 31
3419 31
3420 31
3421 31
3422 31
3423 31
3424 31
3425 31
3426 31
3427 31
3428 31
3429 31
3430 31
3431 32
3432 32
3433 32
3434 32
3435 32
3436 32
3437 32
3438 32
3439 32
3440 32
3441 32
3442 32
3443 32
3444 32
3445 32
3446 32
3447 32
3448 32
3449 32
3450 32
3451 32
3452 32
3453 32
3454 32
3455 32
3456 32
3457 32
3458 32
3459 32
3460 32
3461 32
3462 32
3463 32
3464 32
3465 32
3466 32
3467 32
3468 32
3469 32
3470 32
3471 32
3472 32
3473 32
3474 32
3475 32
3476 32
3477 32
3478 32
3479 32
3480 33
3481 33
3482 33
3483 33
3484 33
3485 33
3486 33
3487 33
3488 33
3489 33
3490 33
3491 33
3492 33
3493 33
3494 33
3495 33
3496 33
3497 33
3498 33
3499 33
3500 33
3501 33
3502 33
3503 33
3504 33
3505 33
3506 33
3507 33
3508 33
3509 33
3510 33
3511 33
3512 33
3513 33
3514 33
3515 33
3516 33
3517 33
3518 33
3519 33
3520 33
3521 33
3522 33
3523 33
3524 33
3525 33
3526 33
3527 33
3528 33
3529 33
3530 34
3531 34
3532 34
3533 34
3534 34
3535 34
3536 34
3537 34
3538 34
3539 34
3540 34
3541 34
3542 34
3543 34
3544 34
3545 34
3546 34
3547 34
3548 34
3549 34
3550 34
3551 34
3552 34
3553 34
3554 34
3555 34
3556 34
3557 34
3558 34
3559 34
3560 34
3561 34
3562 34
3563 34
3564 34
3565 34
3566 34
3567 34
3568 34
3569 34
3570 34
3571 34
3572 34
3573 34
3574 34
3575 34
3576 34
3577 34
3578 34
3579 34
3580 35
3581 35
3582 35
3583 35
3584 35
3585 35
3586 35
3587 35
3588 35
3589 35
3590 35
3591 35
3592 35
3593 35
3594 35
3595 35
3596 35
3597 35
3598 35
3599 35
3600 35
3601 35
3602 35
3603 35
3604 35
3605 35
3606 35
3607 35
3608 35
3609 35
3610 35
3611 35
3612 35
3613 35
3614 35
3615 35
3616 35
3617 35
3618 35
3619 35
3620 35
3621 35
3622 35
3623 35
3624 35
3625 35
3626 35
3627 35
3628 35
3629 35
3630 36
3631 36
3632 36
3633 36
3634 36
3635 36
3636 36
3637 36
3638 36
3639 36
3640 36
3641 36
3642 36
3643 36
3644 36
3645 36
3646 36
3647 36
3648 36
3649 36
3650 36
3651 36
3652 36
3653 36
3654 36
3655 36
3656 36
3657 36
3658 36
3659 36
3660 36
3661 36
3662 36
3663 36
3664 36
3665 36
3666 36
3667 36
3668 36
3669 36
3670 36
3671 36
3672 36
3673 36
3674 36
3675 36
3676 36
3677 36
3678 36
3679 36
3680 0
3681 0
3682 0
3683 0
3684 0
3685 0
3686 0
3687 0
3688 0
3689 0
3690 0
3691 0
3692 0
3693 0
3694 0
3695 0
3696 0
3697 0
3698 0
3699 0
3700 0
3701 0
3702 0
3703 0
3704 0
3705 0
3706 0
3707 0
3708 0
3709 0
3710 0
3711 0
3712 0
3713 0
3714 0
3715 0
3716 0
3717 0
3718 0
3719 0
3720 0
3721 0
3722 0
3723 0
3724 0
3725 0
3726 0
3727 0
3728 0
3729 0
3730 0
3731 0
3732 0
3733 0
3734 0
3735 0
3736 0
3737 0
3738 0
3739 0
3740 0
3741 0
3742 0
3743 0
3744 0
3745 0
3746 0
3747 0
3748 0
3749 0
3750 0
3751 0
3752 0
3753 0
3754 0
3755 0
3756 0
3757 0
3758 0
3759 0
3760 0
3761 0
3762 0
3763 0
3764 0
3765 0
3766 0
3767 0
3768 0
3769 0
3770 0
3771 0
3772 0
3773 0
3774 0
3775 0
3776 0
3777 0
3778 1
3779 1
3780 1
3781 1
3782 1
3783 1
3784 1
3785 1
3786 1
3787 1
3788 1
3789 1
3790 1
3791 1
3792 1
3793 1
3794 1
3795 1
3796 1
3797 1
3798 1
3799 1
3800 1
3801 1
3802 1
3803 1
3804 1
3805 1
3806 1
3807 1
3808 1
3809 1
3810 1
3811 1
3812 1
3813 1
3814 1
3815 1
3816 1
3817 1
3818 1
3819 1
3820 1
3821 1
3822 1
3823 1
3824 1
3825 1
3826 1
3827 1
3828 1
3829 1
3830 1
3831 1
3832 1
3833 1
3834 1
3835 1
3836 1
3837 1
3838 1
3839 1
3840 1
3841 1
3842 1
3843 1
3844 1
3845 1
3846 1
3847 1
3848 1
3849 1
3850 1
3851 1
3852 1
3853 1
3854 1
3855 1
3856 1
3857 1
3858 1
3859 1
3860 1
3861 1
3862 1
3863 1
3864 1
3865 1
3866 1
3867 1
3868 1
3869 1
3870 1
3871 1
3872 1
3873 1
3874 1
3875 1
3876 1
3877 1
3878 2
3879 2
3880 2
3881 2
3882 2
3883 2
3884 2
3885 2
3886 2
3887 2
3888 2
3889 2
3890 2
3891 2
3892 2
3893 2
3894 2
3895 2
3896 2
3897 2
3898 2
3899 2
3900 2
3901 2
3902 2
3903 2
3904 2
3905 2
3906 2
3907 2
3908 2
3909 2
3910 2
3911 2
3912 2
3913 2
3914 2
3915 2
3916 2
3917 2
3918 2
3919 2
3920 2
3921 2
3922 2
3923 2
3924 2
3925 2
3926 2
3927 2
3928 2
3929 2
3930 2
3931 2
3932 2
3933 2
3934 2
3935 2
3936 2
3937 2
3938 2
3939 2
3940 2
3941 2
3942 2
3943 2
3944 2
3945 2
3946 2
3947 2
3948 2
3949 2
3950 2
3951 2
3952 2
3953 2
3954 2
3955 2
3956 2
3957 2
3958 2
3959 2
3960 2
3961 2
3962 2
3963 2
3964 2
3965 2
3966 2
3967 2
3968 2
3969 2
3970 2
3971 2
3972 2
3973 2
3974 2
3975 2
3976 2
3977 2
3978 3
3979 3
3980 3
3981 3
3982 3
3983 3
3984 3
3985 3
3986 3
3987 3
3988 3
3989 3
3990 3
3991 3
3992 3
3993 3
3994 3
3995 3
3996 3
3997 3
3998 3
3999 3
4000 3
4001 3
4002 3
4003 3
4004 3
4005 3
4006 3
4007 3
4008 3
4009 3
4010 3
4011 3
4012 3
4013 3
4014 3
4015 3
4016 3
4017 3
4018 3
4019 3
4020 3
4021 3
4022 3
4023 3
4024 3
4025 3
4026 3
4027 3
4028 3
4029 3
4030 3
4031 3
4032 3
4033 3
4034 3
4035 3
4036 3
4037 3
4038 3
4039 3
4040 3
4041 3
4042 3
4043 3
4044 3
4045 3
4046 3
4047 3
4048 3
4049 3
4050 3
4051 3
4052 3
4053 3
4054 3
4055 3
4056 3
4057 3
4058 3
4059 3
4060 3
4061 3
4062 3
4063 3
4064 3
4065 3
4066 3
4067 3
4068 3
4069 3
4070 3
4071 3
4072 3
4073 3
4074 3
4075 3
4076 3
4077 3
4078 4
4079 4
4080 4
4081 4
4082 4
4083 4
4084 4
4085 4
4086 4
4087 4
4088 4
4089 4
4090 4
4091 4
4092 4
4093 4
4094 4
4095 4
4096 4
4097 4
4098 4
4099 4
4100 4
4101 4
4102 4
4103 4
4104 4
4105 4
4106 4
4107 4
4108 4
4109 4
4110 4
4111 4
4112 4
4113 4
4114 4
4115 4
4116 4
4117 4
4118 4
4119 4
4120 4
4121 4
4122 4
4123 4
4124 4
4125 4
4126 4
4127 4
4128 4
4129 4
4130 4
4131 4
4132 4
4133 4
4134 4
4135 4
4136 4
4137 4
4138 4
4139 4
4140 4
4141 4
4142 4
4143 4
4144 4
4145 4
4146 4
4147 4
4148 4
4149 4
4150 4
4151 4
4152 4
4153 4
4154 4
4155 4
4156 4
4157 4
4158 4
4159 4
4160 4
4161 4
4162 4
4163 4
4164 4
4165 4
4166 4
4167 4
4168 4
4169 4
4170 4
4171 4
4172 4
4173 4
4174 4
4175 4
4176 4
4177 4
4178 5
4179 5
4180 5
4181 5
4182 5
4183 5
4184 5
4185 5
4186 5
4187 5
4188 5
4189 5
4190 5
4191 5
4192 5
4193 5
4194 5
4195 5
4196 5
4197 5
4198 5
4199 5
4200 5
4201 5
4202 5
4203 5
4204 5
4205 5
4206 5
4207 5
4208 5
4209 5
4210 5
4211 5
4212 5
4213 5
4214 5
4215 5
4216 5
4217 5
4218 5
4219 5
4220 5
4221 5
4222 5
4223 5
4224 5
4225 5
4226 5
4227 5
4228 5
4229 5
4230 5
4231 5
4232 5
4233 5
4234 5
4235 5
4236 5
4237 5
4238 5
4239 5
4240 5
4241 5
4242 5
4243 5
4244 5
4245 5
4246 5
4247 5
4248 5
4249 5
4250 5
4251 5
4252 5
4253 5
4254 5
4255 5
4256 5
4257 5
4258 5
4259 5
4260 5
4261 5
4262 5
4263 5
4264 5
4265 5
4266 5
4267 5
4268 5
4269 5
4270 5
4271 5
4272 5
4273 5
4274 5
4275 5
4276 5
4277 5
4278 6
4279 6
4280 6
4281 6
4282 6
4283 6
4284 6
4285 6
4286 6
4287 6
4288 6
4289 6
4290 6
4291 6
4292 6
4293 6
4294 6
4295 6
4296 6
4297 6
4298 6
4299 6
4300 6
4301 6
4302 6
4303 6
4304 6
4305 6
4306 6
4307 6
4308 6
4309 6
4310 6
4311 6
4312 6
4313 6
4314 6
4315 6
4316 6
4317 6
4318 6
4319 6
4320 6
4321 6
4322 6
4323 6
4324 6
4325 6
4326 6
4327 6
4328 6
4329 6
4330 6
4331 6
4332 6
4333 6
4334 6
4335 6
4336 6
4337 6
4338 6
4339 6
4340 6
4341 6
4342 6
4343 6
4344 6
4345 6
4346 6
4347 6
4348 6
4349 6
4350 6
4351 6
4352 6
4353 6
4354 6
4355 6
4356 6
4357 6
4358 6
4359 6
4360 6
4361 6
4362 6
4363 6
4364 6
4365 6
4366 6
4367 6
4368 6
4369 6
4370 6
4371 6
4372 6
4373 6
4374 6
4375 6
4376 6
4377 6
4378 7
4379 7
4380 7
4381 7
4382 7
4383 7
4384 7
4385 7
4386 7
4387 7
4388 7
4389 7
4390 7
4391 7
4392 7
4393 7
4394 7
4395 7
4396 7
4397 7
4398 7
4399 7
4400 7
4401 7
4402 7
4403 7
4404 7
4405 7
4406 7
4407 7
4408 7
4409 7
4410 7
4411 7
4412 7
4413 7
4414 7
4415 7
4416 7
4417 7
4418 7
4419 7
4420 7
4421 7
4422 7
4423 7
4424 7
4425 7
4426 7
4427 7
4428 7
4429 7
4430 7
4431 7
4432 7
4433 7
4434 7
4435 7
4436 7
4437 7
4438 7
4439 7
4440 7
4441 7
4442 7
4443 7
4444 7
4445 7
4446 7
4447 7
4448 7
4449 7
4450 7
4451 7
4452 7
4453 7
4454 7
4455 7
4456 7
4457 7
4458 7
4459 7
4460 7
4461 7
4462 7
4463 7
4464 7
4465 7
4466 8
4467 8
4468 8
4469 8
4470 8
4471 8
4472 8
4473 8
4474 8
4475 8
4476 8
4477 8
4478 8
4479 8
4480 8
4481 8
4482 8
4483 8
4484 8
4485 8
4486 8
4487 8
4488 8
4489 8
4490 8
4491 8
4492 8
4493 8
4494 8
4495 8
4496 8
4497 8
4498 8
4499 8
4500 8
4501 8
4502 8
4503 8
4504 8
4505 8
4506 8
4507 8
4508 8
4509 8
4510 8
4511 8
4512 8
4513 8
4514 8
4515 8
4516 8
4517 8
4518 8
4519 8
4520 8
4521 8
4522 8
4523 8
4524 8
4525 8
4526 8
4527 8
4528 8
4529 8
4530 8
4531 8
4532 8
4533 8
4534 8
4535 8
4536 8
4537 8
4538 8
4539 8
4540 8
4541 8
4542 8
4543 8
4544 8
4545 8
4546 8
4547 8
4548 8
4549 8
4550 8
4551 8
4552 8
4553 8
4554 8
4555 8
4556 8
4557 8
4558 8
4559 8
4560 8
4561 8
4562 8
4563 8
4564 8
4565 9
4566 9
4567 9
4568 9
4569 9
4570 9
4571 9
4572 9
4573 9
4574 9
4575 9
4576 9
4577 9
4578 9
4579 9
4580 9
4581 9
4582 9
4583 9
4584 9
4585 9
4586 9
4587 9
4588 9
4589 9
4590 9
4591 9
4592 9
4593 9
4594 9
4595 9
4596 9
4597 9
4598 9
4599 9
4600 9
4601 9
4602 9
4603 9
4604 9
4605 9
4606 9
4607 9
4608 9
4609 9
4610 9
4611 9
4612 9
4613 9
4614 9
4615 9
4616 9
4617 9
4618 9
4619 9
4620 9
4621 9
4622 9
4623 9
4624 9
4625 9
4626 9
4627 9
4628 9
4629 9
4630 9
4631 9
4632 9
4633 9
4634 9
4635 9
4636 9
4637 9
4638 9
4639 9
4640 9
4641 9
4642 9
4643 9
4644 9
4645 9
4646 9
4647 9
4648 9
4649 9
4650 9
4651 9
4652 9
4653 9
4654 9
4655 9
4656 9
4657 9
4658 9
4659 9
4660 9
4661 9
4662 9
4663 9
4664 9
4665 10
4666 10
4667 10
4668 10
4669 10
4670 10
4671 10
4672 10
4673 10
4674 10
4675 10
4676 10
4677 10
4678 10
4679 10
4680 10
4681 10
4682 10
4683 10
4684 10
4685 10
4686 10
4687 10
4688 10
4689 10
4690 10
4691 10
4692 10
4693 10
4694 10
4695 10
4696 10
4697 10
4698 10
4699 10
4700 10
4701 10
4702 10
4703 10
4704 10
4705 10
4706 10
4707 10
4708 10
4709 10
4710 10
4711 10
4712 10
4713 10
4714 10
4715 10
4716 10
4717 10
4718 10
4719 10
4720 10
4721 10
4722 10
4723 10
4724 10
4725 10
4726 10
4727 10
4728 10
4729 10
4730 10
4731 10
4732 10
4733 10
4734 10
4735 10
4736 10
4737 10
4738 10
4739 10
4740 10
4741 10
4742 10
4743 10
4744 10
4745 10
4746 10
4747 10
4748 10
4749 10
4750 10
4751 10
4752 10
4753 10
4754 10
4755 10
4756 10
4757 10
4758 10
4759 10
4760 10
4761 10
4762 10
4763 10
4764 10
4765 11
4766 11
4767 11
4768 11
4769 11
4770 11
4771 11
4772 11
4773 11
4774 11
4775 11
4776 11
4777 11
4778 11
4779 11
4780 11
4781 11
4782 11
4783 11
4784 11
4785 11
4786 11
4787 11
4788 11
4789 11
4790 11
4791 11
4792 11
4793 11
4794 11
4795 11
4796 11
4797 11
4798 11
4799 11
4800 11
4801 11
4802 11
4803 11
4804 11
4805 11
4806 11
4807 11
4808 11
4809 11
4810 11
4811 11
4812 11
4813 11
4814 11
4815 11
4816 11
4817 11
4818 11
4819 11
4820 11
4821 11
4822 11
4823 11
4824 11
4825 11
4826 11
4827 11
4828 11
4829 11
4830 11
4831 11
4832 11
4833 11
4834 11
4835 11
4836 11
4837 11
4838 11
4839 11
4840 11
4841 11
4842 11
4843 11
4844 11
4845 11
4846 11
4847 11
4848 11
4849 11
4850 11
4851 11
4852 11
4853 11
4854 11
4855 11
4856 11
4857 11
4858 11
4859 11
4860 11
4861 11
4862 12
4863 12
4864 12
4865 12
4866 12
4867 12
4868 12
4869 12
4870 12
4871 12
4872 12
4873 12
4874 12
4875 12
4876 12
4877 12
4878 12
4879 12
4880 12
4881 12
4882 12
4883 12
4884 12
4885 12
4886 12
4887 12
4888 12
4889 12
4890 12
4891 12
4892 12
4893 12
4894 12
4895 12
4896 12
4897 12
4898 12
4899 12
4900 12
4901 12
4902 12
4903 12
4904 12
4905 12
4906 12
4907 12
4908 12
4909 12
4910 12
4911 12
4912 12
4913 12
4914 12
4915 12
4916 12
4917 12
4918 12
4919 12
4920 12
4921 12
4922 12
4923 12
4924 12
4925 12
4926 12
4927 12
4928 12
4929 12
4930 12
4931 12
4932 12
4933 12
4934 12
4935 12
4936 12
4937 12
4938 12
4939 12
4940 12
4941 12
4942 12
4943 12
4944 12
4945 12
4946 12
4947 12
4948 12
4949 12
4950 12
4951 12
4952 12
4953 12
4954 12
4955 12
4956 12
4957 12
4958 12
4959 12
4960 12
4961 12
4962 13
4963 13
4964 13
4965 13
4966 13
4967 13
4968 13
4969 13
4970 13
4971 13
4972 13
4973 13
4974 13
4975 13
4976 13
4977 13
4978 13
4979 13
4980 13
4981 13
4982 13
4983 13
4984 13
4985 13
4986 13
4987 13
4988 13
4989 13
4990 13
4991 13
4992 13
4993 13
4994 13
4995 13
4996 13
4997 13
4998 13
4999 13
5000 13
5001 13
5002 13
5003 13
5004 13
5005 13
5006 13
5007 13
5008 13
5009 13
5010 13
5011 13
5012 13
5013 13
5014 13
5015 13
5016 13
5017 13
5018 13
5019 13
5020 13
5021 13
5022 13
5023 13
5024 13
5025 13
5026 13
5027 13
5028 13
5029 13
5030 13
5031 13
5032 13
5033 13
5034 13
5035 13
5036 13
5037 13
5038 13
5039 13
5040 13
5041 13
5042 13
5043 13
5044 13
5045 13
5046 13
5047 13
5048 13
5049 13
5050 13
5051 13
5052 13
5053 13
5054 13
5055 13
5056 13
5057 13
5058 13
5059 13
5060 13
5061 13
5062 14
5063 14
5064 14
5065 14
5066 14
5067 14
5068 14
5069 14
5070 14
5071 14
5072 14
5073 14
5074 14
5075 14
5076 14
5077 14
5078 14
5079 14
5080 14
5081 14
5082 14
5083 14
5084 14
5085 14
5086 14
5087 14
5088 14
5089 14
5090 14
5091 14
5092 14
5093 14
5094 14
5095 14
5096 14
5097 14
5098 14
5099 14
5100 14
5101 14
5102 14
5103 14
5104 14
5105 14
5106 14
5107 14
5108 14
5109 14
5110 14
5111 14
5112 14
5113 14
5114 14
5115 14
5116 14
5117 14
5118 14
5119 14
5120 14
5121 14
5122 14
5123 14
5124 14
5125 14
5126 14
5127 14
5128 14
5129 14
5130 14
5131 14
5132 14
5133 14
5134 14
5135 14
5136 14
5137 14
5138 14
5139 14
5140 14
5141 14
5142 14
5143 14
5144 14
5145 14
5146 14
5147 14
5148 14
5149 14
5150 14
5151 14
5152 14
5153 14
5154 14
5155 14
5156 14
5157 14
5158 14
5159 14
5160 14
5161 14
5162 15
5163 15
5164 15
5165 15
5166 15
5167 15
5168 15
5169 15
5170 15
5171 15
5172 15
5173 15
5174 15
5175 15
5176 15
5177 15
5178 15
5179 15
5180 15
5181 15
5182 15
5183 15
5184 15
5185 15
5186 15
5187 15
5188 15
5189 15
5190 15
5191 15
5192 15
5193 15
5194 15
5195 15
5196 15
5197 15
5198 15
5199 15
5200 15
5201 15
5202 15
5203 15
5204 15
5205 15
5206 15
5207 15
5208 15
5209 15
5210 15
5211 15
5212 15
5213 15
5214 15
5215 15
5216 15
5217 15
5218 15
5219 15
5220 15
5221 15
5222 15
5223 15
5224 15
5225 15
5226 15
5227 15
5228 15
5229 15
5230 15
5231 15
5232 15
5233 15
5234 15
5235 15
5236 15
5237 15
5238 15
5239 15
5240 15
5241 15
5242 15
5243 15
5244 15
5245 15
5246 15
5247 15
5248 15
5249 15
5250 15
5251 15
5252 15
5253 15
5254 15
5255 15
5256 15
5257 15
5258 15
5259 15
5260 15
5261 15
5262 16
5263 16
5264 16
5265 16
5266 16
5267 16
5268 16
5269 16
5270 16
5271 16
5272 16
5273 16
5274 16
5275 16
5276 16
5277 16
5278 16
5279 16
5280 16
5281 16
5282 16
5283 16
5284 16
5285 16
5286 16
5287 16
5288 16
5289 16
5290 16
5291 16
5292 16
5293 16
5294 16
5295 16
5296 16
5297 16
5298 16
5299 16
5300 16
5301 16
5302 16
5303 16
5304 16
5305 16
5306 16
5307 16
5308 16
5309 16
5310 16
5311 16
5312 16
5313 16
5314 16
5315 16
5316 16
5317 16
5318 16
5319 16
5320 16
5321 16
5322 16
5323 16
5324 16
5325 16
5326 16
5327 16
5328 16
5329 16
5330 16
5331 16
5332 16
5333 16
5334 16
5335 16
5336 16
5337 16
5338 16
5339 16
5340 16
5341 16
5342 16
5343 16
5344 16
5345 16
5346 16
5347 16
5348 16
5349 16
5350 16
5351 16
5352 16
5353 16
5354 16
5355 16
5356 16
5357 16
5358 16
5359 16
5360 16
5361 16
5362 17
5363 17
5364 17
5365 17
5366 17
5367 17
5368 17
5369 17
5370 17
5371 17
5372 17
5373 17
5374 17
5375 17
5376 17
5377 17
5378 17
5379 17
5380 17
5381 17
5382 17
5383 17
5384 17
5385 17
5386 17
5387 17
5388 17
5389 17
5390 17
5391 17
5392 17
5393 17
5394 17
5395 17
5396 17
5397 17
5398 17
5399 17
5400 17
5401 17
5402 17
5403 17
5404 17
5405 17
5406 17
5407 17
5408 17
5409 17
5410 17
5411 17
5412 17
5413 17
5414 17
5415 17
5416 17
5417 17
5418 17
5419 17
5420 17
5421 17
5422 17
5423 17
5424 17
5425 17
5426 17
5427 17
5428 17
5429 17
5430 17
5431 17
5432 17
5433 17
5434 17
5435 17
5436 17
5437 17
5438 17
5439 17
5440 17
5441 17
5442 17
5443 17
5444 17
5445 17
5446 17
5447 17
5448 17
5449 17
5450 17
5451 17
5452 17
5453 17
5454 17
5455 17
5456 17
5457 17
5458 17
5459 17
5460 17
5461 17
5462 18
5463 18
5464 18
5465 18
5466 18
5467 18
5468 18
5469 18
5470 18
5471 18
5472 18
5473 18
5474 18
5475 18
5476 18
5477 18
5478 18
5479 18
5480 18
5481 18
5482 18
5483 18
5484 18
5485 18
5486 18
5487 18
5488 18
5489 18
5490 18
5491 18
5492 18
5493 18
5494 18
5495 18
5496 18
5497 18
5498 18
5499 18
5500 18
5501 18
5502 18
5503 18
5504 18
5505 18
5506 18
5507 18
5508 18
5509 18
5510 18
5511 18
5512 18
5513 18
5514 18
5515 18
5516 18
5517 18
5518 18
5519 18
5520 18
5521 18
5522 18
5523 18
5524 18
5525 18
5526 18
5527 18
5528 18
5529 18
5530 18
5531 18
5532 18
5533 18
5534 18
5535 18
5536 18
5537 18
5538 18
5539 18
5540 18
5541 18
5542 18
5543 18
5544 18
5545 18
5546 18
5547 18
5548 18
5549 18
5550 18
5551 18
5552 18
5553 18
5554 18
5555 18
5556 18
5557 18
5558 18
5559 18
5560 18
5561 19
5562 19
5563 19
5564 19
5565 19
5566 19
5567 19
5568 19
5569 19
5570 19
5571 19
5572 19
5573 19
5574 19
5575 19
5576 19
5577 19
5578 19
5579 19
5580 19
5581 19
5582 19
5583 19
5584 19
5585 19
5586 19
5587 19
5588 19
5589 19
5590 19
5591 19
5592 19
5593 19
5594 19
5595 19
5596 19
5597 19
5598 19
5599 19
5600 19
5601 19
5602 19
5603 19
5604 19
5605 19
5606 19
5607 19
5608 19
5609 19
5610 19
5611 19
5612 19
5613 19
5614 19
5615 19
5616 19
5617 19
5618 19
5619 19
5620 19
5621 19
5622 19
5623 19
5624 19
5625 19
5626 19
5627 19
5628 19
5629 19
5630 19
5631 19
5632 19
5633 19
5634 19
5635 19
5636 19
5637 19
5638 19
5639 19
5640 19
5641 19
5642 19
5643 19
5644 19
5645 19
5646 19
5647 19
5648 19
5649 19
5650 19
5651 19
5652 19
5653 19
5654 19
5655 19
5656 19
5657 19
5658 19
5659 19
5660 19
5661 20
5662 20
5663 20
5664 20
5665 20
5666 20
5667 20
5668 20
5669 20
5670 20
5671 20
5672 20
5673 20
5674 20
5675 20
5676 20
5677 20
5678 20
5679 20
5680 20
5681 20
5682 20
5683 20
5684 20
5685 20
5686 20
5687 20
5688 20
5689 20
5690 20
5691 20
5692 20
5693 20
5694 20
5695 20
5696 20
5697 20
5698 20
5699 20
5700 20
5701 20
5702 20
5703 20
5704 20
5705 20
5706 20
5707 20
5708 20
5709 20
5710 20
5711 20
5712 20
5713 20
5714 20
5715 20
5716 20
5717 20
5718 20
5719 20
5720 20
5721 20
5722 20
5723 20
5724 20
5725 20
5726 20
5727 20
5728 20
5729 20
5730 20
5731 20
5732 20
5733 20
5734 20
5735 20
5736 20
5737 20
5738 20
5739 20
5740 20
5741 20
5742 20
5743 20
5744 20
5745 20
5746 20
5747 20
5748 20
5749 20
5750 20
5751 20
5752 20
5753 20
5754 20
5755 20
5756 20
5757 20
5758 20
5759 20
5760 20
5761 21
5762 21
5763 21
5764 21
5765 21
5766 21
5767 21
5768 21
5769 21
5770 21
5771 21
5772 21
5773 21
5774 21
5775 21
5776 21
5777 21
5778 21
5779 21
5780 21
5781 21
5782 21
5783 21
5784 21
5785 21
5786 21
5787 21
5788 21
5789 21
5790 21
5791 21
5792 21
5793 21
5794 21
5795 21
5796 21
5797 21
5798 21
5799 21
5800 21
5801 21
5802 21
5803 21
5804 21
5805 21
5806 21
5807 21
5808 21
5809 21
5810 21
5811 21
5812 21
5813 21
5814 21
5815 21
5816 21
5817 21
5818 21
5819 21
5820 21
5821 21
5822 21
5823 21
5824 21
5825 21
5826 21
5827 21
5828 21
5829 21
5830 21
5831 21
5832 21
5833 21
5834 21
5835 21
5836 21
5837 21
5838 21
5839 21
5840 21
5841 21
5842 21
5843 21
5844 21
5845 21
5846 21
5847 21
5848 21
5849 21
5850 21
5851 21
5852 21
5853 21
5854 21
5855 21
5856 21
5857 21
5858 21
5859 21
5860 21
5861 22
5862 22
5863 22
5864 22
5865 22
5866 22
5867 22
5868 22
5869 22
5870 22
5871 22
5872 22
5873 22
5874 22
5875 22
5876 22
5877 22
5878 22
5879 22
5880 22
5881 22
5882 22
5883 22
5884 22
5885 22
5886 22
5887 22
5888 22
5889 22
5890 22
5891 22
5892 22
5893 22
5894 22
5895 22
5896 22
5897 22
5898 22
5899 22
5900 22
5901 22
5902 22
5903 22
5904 22
5905 22
5906 22
5907 22
5908 22
5909 22
5910 22
5911 22
5912 22
5913 22
5914 22
5915 22
5916 22
5917 22
5918 22
5919 22
5920 22
5921 22
5922 22
5923 22
5924 22
5925 22
5926 22
5927 22
5928 22
5929 22
5930 22
5931 22
5932 22
5933 22
5934 22
5935 22
5936 22
5937 22
5938 22
5939 22
5940 22
5941 22
5942 22
5943 22
5944 22
5945 22
5946 22
5947 22
5948 22
5949 22
5950 22
5951 22
5952 22
5953 22
5954 22
5955 22
5956 22
5957 22
5958 22
5959 22
5960 22
5961 23
5962 23
5963 23
5964 23
5965 23
5966 23
5967 23
5968 23
5969 23
5970 23
5971 23
5972 23
5973 23
5974 23
5975 23
5976 23
5977 23
5978 23
5979 23
5980 23
5981 23
5982 23
5983 23
5984 23
5985 23
5986 23
5987 23
5988 23
5989 23
5990 23
5991 23
5992 23
5993 23
5994 23
5995 23
5996 23
5997 23
5998 23
5999 23
6000 23
6001 23
6002 23
6003 23
6004 23
6005 23
6006 23
6007 23
6008 23
6009 23
6010 23
6011 23
6012 23
6013 23
6014 23
6015 23
6016 23
6017 23
6018 23
6019 23
6020 23
6021 23
6022 23
6023 23
6024 23
6025 23
6026 23
6027 23
6028 23
6029 23
6030 23
6031 23
6032 23
6033 23
6034 23
6035 23
6036 23
6037 23
6038 23
6039 23
6040 23
6041 23
6042 23
6043 23
6044 23
6045 23
6046 23
6047 23
6048 23
6049 23
6050 23
6051 23
6052 23
6053 23
6054 23
6055 23
6056 23
6057 23
6058 23
6059 23
6060 23
6061 24
6062 24
6063 24
6064 24
6065 24
6066 24
6067 24
6068 24
6069 24
6070 24
6071 24
6072 24
6073 24
6074 24
6075 24
6076 24
6077 24
6078 24
6079 24
6080 24
6081 24
6082 24
6083 24
6084 24
6085 24
6086 24
6087 24
6088 24
6089 24
6090 24
6091 24
6092 24
6093 24
6094 24
6095 24
6096 24
6097 24
6098 24
6099 24
6100 24
6101 24
6102 24
6103 24
6104 24
6105 24
6106 24
6107 24
6108 24
6109 24
6110 24
6111 24
6112 24
6113 24
6114 24
6115 24
6116 24
6117 24
6118 24
6119 24
6120 24
6121 24
6122 24
6123 24
6124 24
6125 24
6126 24
6127 24
6128 24
6129 24
6130 24
6131 24
6132 24
6133 24
6134 24
6135 24
6136 24
6137 24
6138 24
6139 24
6140 24
6141 24
6142 24
6143 24
6144 24
6145 24
6146 24
6147 24
6148 24
6149 24
6150 24
6151 24
6152 24
6153 24
6154 24
6155 24
6156 24
6157 24
6158 24
6159 24
6160 24
6161 25
6162 25
6163 25
6164 25
6165 25
6166 25
6167 25
6168 25
6169 25
6170 25
6171 25
6172 25
6173 25
6174 25
6175 25
6176 25
6177 25
6178 25
6179 25
6180 25
6181 25
6182 25
6183 25
6184 25
6185 25
6186 25
6187 25
6188 25
6189 25
6190 25
6191 25
6192 25
6193 25
6194 25
6195 25
6196 25
6197 25
6198 25
6199 25
6200 25
6201 25
6202 25
6203 25
6204 25
6205 25
6206 25
6207 25
6208 25
6209 25
6210 25
6211 25
6212 25
6213 25
6214 25
6215 25
6216 25
6217 25
6218 25
6219 25
6220 25
6221 25
6222 25
6223 25
6224 25
6225 25
6226 25
6227 25
6228 25
6229 25
6230 25
6231 25
6232 25
6233 25
6234 25
6235 25
6236 25
6237 25
6238 25
6239 25
6240 25
6241 25
6242 25
6243 25
6244 25
6245 25
6246 25
6247 25
6248 25
6249 25
6250 25
6251 25
6252 25
6253 25
6254 25
6255 25
6256 25
6257 25
6258 25
6259 25
6260 25
6261 26
6262 26
6263 26
6264 26
6265 26
6266 26
6267 26
6268 26
6269 26
6270 26
6271 26
6272 26
6273 26
6274 26
6275 26
6276 26
6277 26
6278 26
6279 26
6280 26
6281 26
6282 26
6283 26
6284 26
6285 26
6286 26
6287 26
6288 26
6289 26
6290 26
6291 26
6292 26
6293 26
6294 26
6295 26
6296 26
6297 26
6298 26
6299 26
6300 26
6301 26
6302 26
6303 26
6304 26
6305 26
6306 26
6307 26
6308 26
6309 26
6310 26
6311 26
6312 26
6313 26
6314 26
6315 26
6316 26
6317 26
6318 26
6319 26
6320 26
6321 26
6322 26
6323 26
6324 26
6325 26
6326 26
6327 26
6328 26
6329 26
6330 26
6331 26
6332 26
6333 26
6334 26
6335 26
6336 26
6337 26
6338 26
6339 26
6340 26
6341 26
6342 26
6343 26
6344 26
6345 26
6346 26
6347 26
6348 26
6349 26
6350 26
6351 26
6352 26
6353 26
6354 26
6355 26
6356 26
6357 26
6358 26
6359 26
6360 26
6361 27
6362 27
6363 27
6364 27
6365 27
6366 27
6367 27
6368 27
6369 27
6370 27
6371 27
6372 27
6373 27
6374 27
6375 27
6376 27
6377 27
6378 27
6379 27
6380 27
6381 27
6382 27
6383 27
6384 27
6385 27
6386 27
6387 27
6388 27
6389 27
6390 27
6391 27
6392 27
6393 27
6394 27
6395 27
6396 27
6397 27
6398 27
6399 27
6400 27
6401 27
6402 27
6403 27
6404 27
6405 27
6406 27
6407 27
6408 27
6409 27
6410 27
6411 27
6412 27
6413 27
6414 27
6415 27
6416 27
6417 27
6418 27
6419 27
6420 27
6421 27
6422 27
6423 27
6424 27
6425 27
6426 27
6427 27
6428 27
6429 27
6430 27
6431 27
6432 27
6433 27
6434 27
6435 27
6436 27
6437 27
6438 27
6439 27
6440 27
6441 27
6442 27
6443 27
6444 27
6445 27
6446 27
6447 27
6448 27
6449 27
6450 27
6451 27
6452 27
6453 27
6454 27
6455 27
6456 27
6457 27
6458 27
6459 27
6460 27
6461 28
6462 28
6463 28
6464 28
6465 28
6466 28
6467 28
6468 28
6469 28
6470 28
6471 28
6472 28
6473 28
6474 28
6475 28
6476 28
6477 28
6478 28
6479 28
6480 28
6481 28
6482 28
6483 28
6484 28
6485 28
6486 28
6487 28
6488 28
6489 28
6490 28
6491 28
6492 28
6493 28
6494 28
6495 28
6496 28
6497 28
6498 28
6499 28
6500 28
6501 28
6502 28
6503 28
6504 28
6505 28
6506 28
6507 28
6508 28
6509 28
6510 28
6511 28
6512 28
6513 28
6514 28
6515 28
6516 28
6517 28
6518 28
6519 28
6520 28
6521 28
6522 28
6523 28
6524 28
6525 28
6526 28
6527 28
6528 28
6529 28
6530 28
6531 28
6532 28
6533 28
6534 28
6535 28
6536 28
6537 28
6538 28
6539 28
6540 28
6541 28
6542 28
6543 28
6544 28
6545 28
6546 28
6547 28
6548 28
6549 28
6550 28
6551 28
6552 28
6553 28
6554 28
6555 28
6556 28
6557 28
6558 28
6559 28
6560 28
6561 29
6562 29
6563 29
6564 29
6565 29
6566 29
6567 29
6568 29
6569 29
6570 29
6571 29
6572 29
6573 29
6574 29
6575 29
6576 29
6577 29
6578 29
6579 29
6580 29
6581 29
6582 29
6583 29
6584 29
6585 29
6586 29
6587 29
6588 29
6589 29
6590 29
6591 29
6592 29
6593 29
6594 29
6595 29
6596 29
6597 29
6598 29
6599 29
6600 29
6601 29
6602 29
6603 29
6604 29
6605 29
6606 29
6607 29
6608 29
6609 29
6610 29
6611 29
6612 29
6613 29
6614 29
6615 29
6616 29
6617 29
6618 29
6619 29
6620 29
6621 29
6622 29
6623 29
6624 29
6625 29
6626 29
6627 29
6628 29
6629 29
6630 29
6631 29
6632 29
6633 29
6634 29
6635 29
6636 29
6637 29
6638 29
6639 29
6640 29
6641 29
6642 29
6643 29
6644 29
6645 29
6646 29
6647 29
6648 29
6649 29
6650 29
6651 29
6652 29
6653 29
6654 29
6655 29
6656 29
6657 29
6658 29
6659 29
6660 29
6661 30
6662 30
6663 30
6664 30
6665 30
6666 30
6667 30
6668 30
6669 30
6670 30
6671 30
6672 30
6673 30
6674 30
6675 30
6676 30
6677 30
6678 30
6679 30
6680 30
6681 30
6682 30
6683 30
6684 30
6685 30
6686 30
6687 30
6688 30
6689 30
6690 30
6691 30
6692 30
6693 30
6694 30
6695 30
6696 30
6697 30
6698 30
6699 30
6700 30
6701 30
6702 30
6703 30
6704 30
6705 30
6706 30
6707 30
6708 30
6709 30
6710 30
6711 30
6712 30
6713 30
6714 30
6715 30
6716 30
6717 30
6718 30
6719 30
6720 30
6721 30
6722 30
6723 30
6724 30
6725 30
6726 30
6727 30
6728 30
6729 30
6730 30
6731 30
6732 30
6733 30
6734 30
6735 30
6736 30
6737 30
6738 30
6739 30
6740 30
6741 30
6742 30
6743 30
6744 30
6745 30
6746 30
6747 30
6748 30
6749 30
6750 30
6751 30
6752 30
6753 30
6754 30
6755 30
6756 30
6757 30
6758 30
6759 30
6760 31
6761 31
6762 31
6763 31
6764 31
6765 31
6766 31
6767 31
6768 31
6769 31
6770 31
6771 31
6772 31
6773 31
6774 31
6775 31
6776 31
6777 31
6778 31
6779 31
6780 31
6781 31
6782 31
6783 31
6784 31
6785 31
6786 31
6787 31
6788 31
6789 31
6790 31
6791 31
6792 31
6793 31
6794 31
6795 31
6796 31
6797 31
6798 31
6799 31
6800 31
6801 31
6802 31
6803 31
6804 31
6805 31
6806 31
6807 31
6808 31
6809 31
6810 31
6811 31
6812 31
6813 31
6814 31
6815 31
6816 31
6817 31
6818 31
6819 31
6820 31
6821 31
6822 31
6823 31
6824 31
6825 31
6826 31
6827 31
6828 31
6829 31
6830 31
6831 31
6832 31
6833 31
6834 31
6835 31
6836 31
6837 31
6838 31
6839 31
6840 31
6841 31
6842 31
6843 31
6844 31
6845 31
6846 31
6847 31
6848 31
6849 31
6850 31
6851 31
6852 31
6853 31
6854 31
6855 31
6856 31
6857 31
6858 31
6859 31
6860 32
6861 32
6862 32
6863 32
6864 32
6865 32
6866 32
6867 32
6868 32
6869 32
6870 32
6871 32
6872 32
6873 32
6874 32
6875 32
6876 32
6877 32
6878 32
6879 32
6880 32
6881 32
6882 32
6883 32
6884 32
6885 32
6886 32
6887 32
6888 32
6889 32
6890 32
6891 32
6892 32
6893 32
6894 32
6895 32
6896 32
6897 32
6898 32
6899 32
6900 32
6901 32
6902 32
6903 32
6904 32
6905 32
6906 32
6907 32
6908 32
6909 32
6910 32
6911 32
6912 32
6913 32
6914 32
6915 32
6916 32
6917 32
6918 32
6919 32
6920 32
6921 32
6922 32
6923 32
6924 32
6925 32
6926 32
6927 32
6928 32
6929 32
6930 32
6931 32
6932 32
6933 32
6934 32
6935 32
6936 32
6937 32
6938 32
6939 32
6940 32
6941 32
6942 32
6943 32
6944 32
6945 32
6946 32
6947 32
6948 32
6949 32
6950 32
6951 32
6952 32
6953 32
6954 32
6955 32
6956 32
6957 32
6958 32
6959 32
6960 33
6961 33
6962 33
6963 33
6964 33
6965 33
6966 33
6967 33
6968 33
6969 33
6970 33
6971 33
6972 33
6973 33
6974 33
6975 33
6976 33
6977 33
6978 33
6979 33
6980 33
6981 33
6982 33
6983 33
6984 33
6985 33
6986 33
6987 33
6988 33
6989 33
6990 33
6991 33
6992 33
6993 33
6994 33
6995 33
6996 33
6997 33
6998 33
6999 33
7000 33
7001 33
7002 33
7003 33
7004 33
7005 33
7006 33
7007 33
7008 33
7009 33
7010 33
7011 33
7012 33
7013 33
7014 33
7015 33
7016 33
7017 33
7018 33
7019 33
7020 33
7021 33
7022 33
7023 33
7024 33
7025 33
7026 33
7027 33
7028 33
7029 33
7030 33
7031 33
7032 33
7033 33
7034 33
7035 33
7036 33
7037 33
7038 33
7039 33
7040 33
7041 33
7042 33
7043 33
7044 33
7045 33
7046 33
7047 33
7048 33
7049 33
7050 33
7051 33
7052 33
7053 33
7054 33
7055 33
7056 33
7057 33
7058 33
7059 33
7060 34
7061 34
7062 34
7063 34
7064 34
7065 34
7066 34
7067 34
7068 34
7069 34
7070 34
7071 34
7072 34
7073 34
7074 34
7075 34
7076 34
7077 34
7078 34
7079 34
7080 34
7081 34
7082 34
7083 34
7084 34
7085 34
7086 34
7087 34
7088 34
7089 34
7090 34
7091 34
7092 34
7093 34
7094 34
7095 34
7096 34
7097 34
7098 34
7099 34
7100 34
7101 34
7102 34
7103 34
7104 34
7105 34
7106 34
7107 34
7108 34
7109 34
7110 34
7111 34
7112 34
7113 34
7114 34
7115 34
7116 34
7117 34
7118 34
7119 34
7120 34
7121 34
7122 34
7123 34
7124 34
7125 34
7126 34
7127 34
7128 34
7129 34
7130 34
7131 34
7132 34
7133 34
7134 34
7135 34
7136 34
7137 34
7138 34
7139 34
7140 34
7141 34
7142 34
7143 34
7144 34
7145 34
7146 34
7147 34
7148 34
7149 35
7150 35
7151 35
7152 35
7153 35
7154 35
7155 35
7156 35
7157 35
7158 35
7159 35
7160 35
7161 35
7162 35
7163 35
7164 35
7165 35
7166 35
7167 35
7168 35
7169 35
7170 35
7171 35
7172 35
7173 35
7174 35
7175 35
7176 35
7177 35
7178 35
7179 35
7180 35
7181 35
7182 35
7183 35
7184 35
7185 35
7186 35
7187 35
7188 35
7189 35
7190 35
7191 35
7192 35
7193 35
7194 35
7195 35
7196 35
7197 35
7198 35
7199 35
7200 35
7201 35
7202 35
7203 35
7204 35
7205 35
7206 35
7207 35
7208 35
7209 35
7210 35
7211 35
7212 35
7213 35
7214 35
7215 35
7216 35
7217 35
7218 35
7219 35
7220 35
7221 35
7222 35
7223 35
7224 35
7225 35
7226 35
7227 35
7228 35
7229 35
7230 35
7231 35
7232 35
7233 35
7234 35
7235 35
7236 35
7237 35
7238 35
7239 35
7240 35
7241 35
7242 35
7243 35
7244 35
7245 35
7246 35
7247 35
7248 35
7249 36
7250 36
7251 36
7252 36
7253 36
7254 36
7255 36
7256 36
7257 36
7258 36
7259 36
7260 36
7261 36
7262 36
7263 36
7264 36
7265 36
7266 36
7267 36
7268 36
7269 36
7270 36
7271 36
7272 36
7273 36
7274 36
7275 36
7276 36
7277 36
7278 36
7279 36
7280 36
7281 36
7282 36
7283 36
7284 36
7285 36
7286 36
7287 36
7288 36
7289 36
7290 36
7291 36
7292 36
7293 36
7294 36
7295 36
7296 36
7297 36
7298 36
7299 36
7300 36
7301 36
7302 36
7303 36
7304 36
7305 36
7306 36
7307 36
7308 36
7309 36
7310 36
7311 36
7312 36
7313 36
7314 36
7315 36
7316 36
7317 36
7318 36
7319 36
7320 36
7321 36
7322 36
7323 36
7324 36
7325 36
7326 36
7327 36
7328 36
7329 36
7330 36
7331 36
7332 36
7333 36
7334 36
7335 36
7336 36
7337 36
7338 36
7339 36
7340 36
7341 36
7342 36
7343 36
7344 36
7345 36
7346 36
7347 36
7348 36