0 0
1 0
2 0
3 0
4 0
5 0
6 0
7 0
8 0
9 0
10 1
11 1
12 1
13 1
14 1
15 1
16 1
17 1
18 1
19 1
20 2
21 2
22 2
23 2
24 2
25 2
26 2
27 2
28 2
29 2
30 3
31 3
32 3
33 3
34 3
35 3
36 3
37 3
38 3
39 3
40 4
41 4
42 4
43 4
44 4
45 4
46 4
47 4
48 4
49 4
50 5
51 5
52 5
53 5
54 5
55 5
56 5
57 5
58 5
59 5
60 6
61 6
62 6
63 6
64 6
65 6
66 6
67 6
68 6
69 6
70 7
71 7
72 7
73 7
74 7
75 7
76 7
77 7
78 7
79 7
80 8
81 8
82 8
83 8
84 8
85 8
86 8
87 8
88 8
89 8
90 9
91 9
92 9
93 9
94 9
95 9
96 9
97 9
98 9
99 9
100 10
101 10
102 10
103 10
104 10
105 10
106 10
107 10
108 10
109 10
110 11
111 11
112 11
113 11
114 11
115 11
116 11
117 11
118 11
119 11
120 12
121 12
122 12
123 12
124 12
125 12
126 12
127 12
128 12
129 12
130 13
131 13
132 13
133 13
134 13
135 13
136 13
137 13
138 13
139 13
140 14
141 14
142 14
143 14
144 14
145 14
146 14
147 14
148 14
149 14
150 15
151 15
152 15
153 15
154 15
155 15
156 15
157 15
158 15
159 15
160 20
161 20
162 20
163 20
164 20
165 20
166 20
167 20
168 20
169 20
170 16
171 16
172 16
173 16
174 16
175 16
176 16
177 16
178 16
179 16
180 17
181 17
182 17
183 17
184 17
185 17
186 17
187 17
188 17
189 17
190 18
191 18
192 18
193 18
194 18
195 18
196 18
197 18
198 18
199 18
200 19
201 19
202 19
203 19
204 19
205 19
206 19
207 19
208 19
209 19
210 21
211 21
212 21
213 21
214 21
215 21
216 21
217 21
218 21
219 21
220 22
221 22
222 22
223 22
224 22
225 22
226 22
227 22
228 22
229 22
230 23
231 23
232 23
233 23
234 23
235 23
236 23
237 23
238 23
239 23
240 24
241 24
242 24
243 24
244 24
245 24
246 24
247 24
248 24
249 24
250 25
251 25
252 25
253 25
254 25
255 25
256 25
257 25
258 25
259 25
260 26
261 26
262 26
263 26
264 26
265 26
266 26
267 26
268 26
269 26
270 27
271 27
272 27
273 27
274 27
275 27
276 27
277 27
278 27
279 27
280 28
281 28
282 28
283 28
284 28
285 28
286 28
287 28
288 28
289 28
290 29
291 29
292 29
293 29
294 29
295 29
296 29
297 29
298 29
299 29
300 30
301 30
302 30
303 30
304 30
305 30
306 30
307 30
308 30
309 30
310 31
311 31
312 31
313 31
314 31
315 31
316 31
317 31
318 31
319 31
320 32
321 32
322 32
323 32
324 32
325 32
326 32
327 32
328 32
329 32
330 33
331 33
332 33
333 33
334 33
335 33
336 33
337 33
338 33
339 33
340 34
341 34
342 34
343 34
344 34
345 34
346 34
347 34
348 34
349 34
350 35
351 35
352 35
353 35
354 35
355 35
356 35
357 35
358 35
359 35
360 36
361 36
362 36
363 36
364 36
365 36
366 36
367 36
368 36
369 36
370 37
371 37
372 37
373 37
374 37
375 37
376 37
377 37
378 37
379 37
380 38
381 38
382 38
383 38
384 38
385 38
386 38
387 38
388 38
389 38
390 39
391 39
392 39
393 39
394 39
395 39
396 39
397 39
398 39
399 39
400 40
401 40
402 40
403 40
404 40
405 40
406 40
407 40
408 40
409 40
410 41
411 41
412 41
413 41
414 41
415 41
416 41
417 41
418 41
419 41
420 42
421 42
422 42
423 42
424 42
425 42
426 42
427 42
428 42
429 42
430 43
431 43
432 43
433 43
434 43
435 43
436 43
437 43
438 43
439 43
440 44
441 44
442 44
443 44
444 44
445 44
446 44
447 44
448 44
449 44
450 45
451 45
452 45
453 45
454 45
455 45
456 45
457 45
458 45
459 45
460 46
461 46
462 46
463 46
464 46
465 46
466 46
467 46
468 46
469 46
470 47
471 47
472 47
473 47
474 47
475 47
476 47
477 47
478 47
479 47
480 48
481 48
482 48
483 48
484 48
485 48
486 48
487 48
488 48
489 48
490 49
491 49
492 49
493 49
494 49
495 49
496 49
497 49
498 49
499 49
500 50
501 50
502 50
503 50
504 50
505 50
506 50
507 50
508 50
509 50
510 51
511 51
512 51
513 51
514 51
515 51
516 51
517 51
518 51
519 51
520 52
521 52
522 52
523 52
524 52
525 52
526 52
527 52
528 52
529 52
530 53
531 53
532 53
533 53
534 53
535 53
536 53
537 53
538 53
539 53
540 54
541 54
542 54
543 54
544 54
545 54
546 54
547 54
548 54
549 54
550 55
551 55
552 55
553 55
554 55
555 55
556 55
557 55
558 55
559 55
560 56
561 56
562 56
563 56
564 56
565 56
566 56
567 56
568 56
569 56
570 57
571 57
572 57
573 57
574 57
575 57
576 57
577 57
578 57
579 57
580 58
581 58
582 58
583 58
584 58
585 58
586 58
587 58
588 58
589 58
590 59
591 59
592 59
593 59
594 59
595 59
596 59
597 59
598 59
599 59
600 60
601 60
602 60
603 60
604 60
605 60
606 60
607 60
608 60
609 60
610 61
611 61
612 61
613 61
614 61
615 61
616 61
617 61
618 61
619 61
620 62
621 62
622 62
623 62
624 62
625 62
626 62
627 62
628 62
629 62
630 63
631 63
632 63
633 63
634 63
635 63
636 63
637 63
638 63
639 63
640 64
641 64
642 64
643 64
644 64
645 64
646 64
647 64
648 64
649 64
650 65
651 65
652 65
653 65
654 65
655 65
656 65
657 65
658 65
659 65
660 66
661 66
662 66
663 66
664 66
665 66
666 66
667 66
668 66
669 66
670 67
671 67
672 67
673 67
674 67
675 67
676 67
677 67
678 67
679 67
680 68
681 68
682 68
683 68
684 68
685 68
686 68
687 68
688 68
689 68
690 69
691 69
692 69
693 69
694 69
695 69
696 69
697 69
698 69
699 69
700 70
701 70
702 70
703 70
704 70
705 70
706 70
707 70
708 70
709 70
710 71
711 71
712 71
713 71
714 71
715 71
716 71
717 71
718 71
719 71
720 72
721 72
722 72
723 72
724 72
725 72
726 72
727 72
728 72
729 72
730 73
731 73
732 73
733 73
734 73
735 73
736 73
737 73
738 73
739 73
740 74
741 74
742 74
743 74
744 74
745 74
746 74
747 74
748 74
749 74
750 75
751 75
752 75
753 75
754 75
755 75
756 75
757 75
758 75
759 75
760 76
761 76
762 76
763 76
764 76
765 76
766 76
767 76
768 76
769 76
770 77
771 77
772 77
773 77
774 77
775 77
776 77
777 77
778 77
779 77
780 78
781 78
782 78
783 78
784 78
785 78
786 78
787 78
788 78
789 78
790 79
791 79
792 79
793 79
794 79
795 79
796 79
797 79
798 79
799 79
800 80
801 80
802 80
803 80
804 80
805 80
806 80
807 80
808 80
809 80
810 81
811 81
812 81
813 81
814 81
815 81
816 81
817 81
818 81
819 81
820 82
821 82
822 82
823 82
824 82
825 82
826 82
827 82
828 82
829 82
830 83
831 83
832 83
833 83
834 83
835 83
836 83
837 83
838 83
839 83
840 84
841 84
842 84
843 84
844 84
845 84
846 84
847 84
848 84
849 84
850 85
851 85
852 85
853 85
854 85
855 85
856 85
857 85
858 85
859 85
860 86
861 86
862 86
863 86
864 86
865 86
866 86
867 86
868 86
869 86
870 87
871 87
872 87
873 87
874 87
875 87
876 87
877 87
878 87
879 87
880 88
881 88
882 88
883 88
884 88
885 88
886 88
887 88
888 88
889 88
890 89
891 89
892 89
893 89
894 89
895 89
896 89
897 89
898 89
899 89
900 90
901 90
902 90
903 90
904 90
905 90
906 90
907 90
908 90
909 90
910 91
911 91
912 91
913 91
914 91
915 91
916 91
917 91
918 91
919 91
920 92
921 92
922 92
923 92
924 92
925 92
926 92
927 92
928 92
929 92
930 93
931 93
932 93
933 93
934 93
935 93
936 93
937 93
938 93
939 93
940 94
941 94
942 94
943 94
944 94
945 94
946 94
947 94
948 94
949 94
950 95
951 95
952 95
953 95
954 95
955 95
956 95
957 95
958 95
959 95
960 96
961 96
962 96
963 96
964 96
965 96
966 96
967 96
968 96
969 96
970 97
971 97
972 97
973 97
974 97
975 97
976 97
977 97
978 97
979 97
980 98
981 98
982 98
983 98
984 98
985 98
986 98
987 98
988 98
989 98
990 99
991 99
992 99
993 99
994 99
995 99
996 99
997 99
998 99
999 99
1000 100
1001 100
1002 100
1003 100
1004 100
1005 100
1006 100
1007 100
1008 100
1009 100
1010 101
1011 101
1012 101
1013 101
1014 101
1015 101
1016 101
1017 101
1018 101
1019 101
1020 0
1021 0
1022 0
1023 0
1024 0
1025 0
1026 0
1027 0
1028 0
1029 0
1030 1
1031 1
1032 1
1033 1
1034 1
1035 1
1036 1
1037 1
1038 1
1039 1
1040 2
1041 2
1042 2
1043 2
1044 2
1045 2
1046 2
1047 2
1048 2
1049 2
1050 3
1051 3
1052 3
1053 3
1054 3
1055 3
1056 3
1057 3
1058 3
1059 3
1060 4
1061 4
1062 4
1063 4
1064 4
1065 4
1066 4
1067 4
1068 4
1069 4
1070 5
1071 5
1072 5
1073 5
1074 5
1075 5
1076 5
1077 5
1078 5
1079 5
1080 6
1081 6
1082 6
1083 6
1084 6
1085 6
1086 6
1087 6
1088 6
1089 6
1090 7
1091 7
1092 7
1093 7
1094 7
1095 7
1096 7
1097 7
1098 7
1099 7
1100 8
1101 8
1102 8
1103 8
1104 8
1105 8
1106 8
1107 8
1108 8
1109 8
1110 9
1111 9
1112 9
1113 9
1114 9
1115 9
1116 9
1117 9
1118 9
1119 9
1120 10
1121 10
1122 10
1123 10
1124 10
1125 10
1126 10
1127 10
1128 10
1129 10
1130 11
1131 11
1132 11
1133 11
1134 11
1135 11
1136 11
1137 11
1138 11
1139 11
1140 12
1141 12
1142 12
1143 12
1144 12
1145 12
1146 12
1147 12
1148 12
1149 12
1150 13
1151 13
1152 13
1153 13
1154 13
1155 13
1156 13
1157 13
1158 13
1159 13
1160 14
1161 14
1162 14
1163 14
1164 14
1165 14
1166 14
1167 14
1168 14
1169 14
1170 15
1171 15
1172 15
1173 15
1174 15
1175 15
1176 15
1177 15
1178 15
1179 15
1180 20
1181 20
1182 20
1183 20
1184 20
1185 20
1186 20
1187 20
1188 20
1189 20
1190 16
1191 16
1192 16
1193 16
1194 16
1195 16
1196 16
1197 16
1198 16
1199 16
1200 17
1201 17
1202 17
1203 17
1204 17
1205 17
1206 17
1207 17
1208 17
1209 17
1210 18
1211 18
1212 18
1213 18
1214 18
1215 18
1216 18
1217 18
1218 18
1219 18
1220 19
1221 19
1222 19
1223 19
1224 19
1225 19
1226 19
1227 19
1228 19
1229 19
1230 21
1231 21
1232 21
1233 21
1234 21
1235 21
1236 21
1237 21
1238 21
1239 21
1240 22
1241 22
1242 22
1243 22
1244 22
1245 22
1246 22
1247 22
1248 22
1249 22
1250 23
1251 23
1252 23
1253 23
1254 23
1255 23
1256 23
1257 23
1258 23
1259 23
1260 24
1261 24
1262 24
1263 24
1264 24
1265 24
1266 24
1267 24
1268 24
1269 24
1270 25
1271 25
1272 25
1273 25
1274 25
1275 25
1276 25
1277 25
1278 25
1279 25
1280 26
1281 26
1282 26
1283 26
1284 26
1285 26
1286 26
1287 26
1288 26
1289 26
1290 27
1291 27
1292 27
1293 27
1294 27
1295 27
1296 27
1297 27
1298 27
1299 27
1300 28
1301 28
1302 28
1303 28
1304 28
1305 28
1306 28
1307 28
1308 28
1309 28
1310 29
1311 29
1312 29
1313 29
1314 29
1315 29
1316 29
1317 29
1318 29
1319 29
1320 30
1321 30
1322 30
1323 30
1324 30
1325 30
1326 30
1327 30
1328 30
1329 30
1330 31
1331 31
1332 31
1333 31
1334 31
1335 31
1336 31
1337 31
1338 31
1339 31
1340 32
1341 32
1342 32
1343 32
1344 32
1345 32
1346 32
1347 32
1348 32
1349 32
1350 33
1351 33
1352 33
1353 33
1354 33
1355 33
1356 33
1357 33
1358 33
1359 33
1360 34
1361 34
1362 34
1363 34
1364 34
1365 34
1366 34
1367 34
1368 34
1369 34
1370 35
1371 35
1372 35
1373 35
1374 35
1375 35
1376 35
1377 35
1378 35
1379 35
1380 36
1381 36
1382 36
1383 36
1384 36
1385 36
1386 36
1387 36
1388 36
1389 36
1390 37
1391 37
1392 37
1393 37
1394 37
1395 37
1396 37
1397 37
1398 37
1399 37
1400 38
1401 38
1402 38
1403 38
1404 38
1405 38
1406 38
1407 38
1408 38
1409 38
1410 39
1411 39
1412 39
1413 39
1414 39
1415 39
1416 39
1417 39
1418 39
1419 39
1420 40
1421 40
1422 40
1423 40
1424 40
1425 40
1426 40
1427 40
1428 40
1429 40
1430 41
1431 41
1432 41
1433 41
1434 41
1435 41
1436 41
1437 41
1438 41
1439 41
1440 42
1441 42
1442 42
1443 42
1444 42
1445 42
1446 42
1447 42
1448 42
1449 42
1450 43
1451 43
1452 43
1453 43
1454 43
1455 43
1456 43
1457 43
1458 43
1459 43
1460 44
1461 44
1462 44
1463 44
1464 44
1465 44
1466 44
1467 44
1468 44
1469 44
1470 45
1471 45
1472 45
1473 45
1474 45
1475 45
1476 45
1477 45
1478 45
1479 45
1480 46
1481 46
1482 46
1483 46
1484 46
1485 46
1486 46
1487 46
1488 46
1489 46
1490 47
1491 47
1492 47
1493 47
1494 47
1495 47
1496 47
1497 47
1498 47
1499 47
1500 48
1501 48
1502 48
1503 48
1504 48
1505 48
1506 48
1507 48
1508 48
1509 48
1510 49
1511 49
1512 49
1513 49
1514 49
1515 49
1516 49
1517 49
1518 49
1519 49
1520 50
1521 50
1522 50
1523 50
1524 50
1525 50
1526 50
1527 50
1528 50
1529 50
1530 51
1531 51
1532 51
1533 51
1534 51
1535 51
1536 51
1537 51
1538 51
1539 51
1540 52
1541 52
1542 52
1543 52
1544 52
1545 52
1546 52
1547 52
1548 52
1549 52
1550 53
1551 53
1552 53
1553 53
1554 53
1555 53
1556 53
1557 53
1558 53
1559 53
1560 54
1561 54
1562 54
1563 54
1564 54
1565 54
1566 54
1567 54
1568 54
1569 54
1570 55
1571 55
1572 55
1573 55
1574 55
1575 55
1576 55
1577 55
1578 55
1579 55
1580 56
1581 56
1582 56
1583 56
1584 56
1585 56
1586 56
1587 56
1588 56
1589 56
1590 57
1591 57
1592 57
1593 57
1594 57
1595 57
1596 57
1597 57
1598 57
1599 57
1600 58
1601 58
1602 58
1603 58
1604 58
1605 58
1606 58
1607 58
1608 58
1609 58
1610 59
1611 59
1612 59
1613 59
1614 59
1615 59
1616 59
1617 59
1618 59
1619 59
1620 60
1621 60
1622 60
1623 60
1624 60
1625 60
1626 60
1627 60
1628 60
1629 60
1630 61
1631 61
1632 61
1633 61
1634 61
1635 61
1636 61
1637 61
1638 61
1639 61
1640 62
1641 62
1642 62
1643 62
1644 62
1645 62
1646 62
1647 62
1648 62
1649 62
1650 63
1651 63
1652 63
1653 63
1654 63
1655 63
1656 63
1657 63
1658 63
1659 63
1660 64
1661 64
1662 64
1663 64
1664 64
1665 64
1666 64
1667 64
1668 64
1669 64
1670 65
1671 65
1672 65
1673 65
1674 65
1675 65
1676 65
1677 65
1678 65
1679 65
1680 66
1681 66
1682 66
1683 66
1684 66
1685 66
1686 66
1687 66
1688 66
1689 66
1690 67
1691 67
1692 67
1693 67
1694 67
1695 67
1696 67
1697 67
1698 67
1699 67
1700 68
1701 68
1702 68
1703 68
1704 68
1705 68
1706 68
1707 68
1708 68
1709 68
1710 69
1711 69
1712 69
1713 69
1714 69
1715 69
1716 69
1717 69
1718 69
1719 69
1720 70
1721 70
1722 70
1723 70
1724 70
1725 70
1726 70
1727 70
1728 70
1729 70
1730 71
1731 71
1732 71
1733 71
1734 71
1735 71
1736 71
1737 71
1738 71
1739 71
1740 72
1741 72
1742 72
1743 72
1744 72
1745 72
1746 72
1747 72
1748 72
1749 72
1750 73
1751 73
1752 73
1753 73
1754 73
1755 73
1756 73
1757 73
1758 73
1759 73
1760 74
1761 74
1762 74
1763 74
1764 74
1765 74
1766 74
1767 74
1768 74
1769 74
1770 75
1771 75
1772 75
1773 75
1774 75
1775 75
1776 75
1777 75
1778 75
1779 75
1780 76
1781 76
1782 76
1783 76
1784 76
1785 76
1786 76
1787 76
1788 76
1789 76
1790 77
1791 77
1792 77
1793 77
1794 77
1795 77
1796 77
1797 77
1798 77
1799 77
1800 78
1801 78
1802 78
1803 78
1804 78
1805 78
1806 78
1807 78
1808 78
1809 78
1810 79
1811 79
1812 79
1813 79
1814 79
1815 79
1816 79
1817 79
1818 79
1819 79
1820 80
1821 80
1822 80
1823 80
1824 80
1825 80
1826 80
1827 80
1828 80
1829 80
1830 81
1831 81
1832 81
1833 81
1834 81
1835 81
1836 81
1837 81
1838 81
1839 81
1840 82
1841 82
1842 82
1843 82
1844 82
1845 82
1846 82
1847 82
1848 82
1849 82
1850 83
1851 83
1852 83
1853 83
1854 83
1855 83
1856 83
1857 83
1858 83
1859 83
1860 84
1861 84
1862 84
1863 84
1864 84
1865 84
1866 84
1867 84
1868 84
1869 84
1870 85
1871 85
1872 85
1873 85
1874 85
1875 85
1876 85
1877 85
1878 85
1879 85
1880 86
1881 86
1882 86
1883 86
1884 86
1885 86
1886 86
1887 86
1888 86
1889 86
1890 87
1891 87
1892 87
1893 87
1894 87
1895 87
1896 87
1897 87
1898 87
1899 87
1900 88
1901 88
1902 88
1903 88
1904 88
1905 88
1906 88
1907 88
1908 88
1909 88
1910 89
1911 89
1912 89
1913 89
1914 89
1915 89
1916 89
1917 89
1918 89
1919 89
1920 90
1921 90
1922 90
1923 90
1924 90
1925 90
1926 90
1927 90
1928 90
1929 90
1930 91
1931 91
1932 91
1933 91
1934 91
1935 91
1936 91
1937 91
1938 91
1939 91
1940 92
1941 92
1942 92
1943 92
1944 92
1945 92
1946 92
1947 92
1948 92
1949 92
1950 93
1951 93
1952 93
1953 93
1954 93
1955 93
1956 93
1957 93
1958 93
1959 93
1960 94
1961 94
1962 94
1963 94
1964 94
1965 94
1966 94
1967 94
1968 94
1969 94
1970 95
1971 95
1972 95
1973 95
1974 95
1975 95
1976 95
1977 95
1978 95
1979 95
1980 96
1981 96
1982 96
1983 96
1984 96
1985 96
1986 96
1987 96
1988 96
1989 96
1990 97
1991 97
1992 97
1993 97
1994 97
1995 97
1996 97
1997 97
1998 97
1999 97
2000 98
2001 98
2002 98
2003 98
2004 98
2005 98
2006 98
2007 98
2008 98
2009 98
2010 99
2011 99
2012 99
2013 99
2014 99
2015 99
2016 99
2017 99
2018 99
2019 99
2020 100
2021 100
2022 100
2023 100
2024 100
2025 100
2026 100
2027 100
2028 100
2029 100
2030 101
2031 101
2032 101
2033 101
2034 101
2035 101
2036 101
2037 101
2038 101
2039 101